# "glmmadmb.dat" produced by dat_write() from R2admb Wed May 11 17:43:02 2016
# n 
 216 

# p_y 
 1 

# y 
0
0
0
0
0
0
18
0
0
0
0
0
0
0
0
0
58
0
18
0
0
0
0
0
37
9
2
37
44
1
4
21
29
0
33
0
42
0
51
27
42
0
11
17
36
17
2
0
29
15
50
50
2
0
22
39
22
0
18
0
41
13
37
1
35
23
19
54
48
6
21
14
7
0
27
55
26
46
36
0
0
0
0
6
47
48
21
7
39
15
28
42
2
33
27
0
38
6
2
44
5
16
55
37
21
9
51
52
0
0
0
0
0
0
0
0
0
0
0
0
0
0
0
0
31
0
37
0
1
0
0
0
26
0
21
23
0
0
3
28
2
0
0
0
0
0
0
0
50
0
19
0
9
0
0
0
50
30
5
33
44
0
0
22
53
22
18
0
19
37
59
34
37
22
31
29
39
0
0
0
9
39
36
49
18
38
19
0
59
0
0
0
35
14
50
21
30
18
43
15
18
33
24
43
51
40
49
0
52
42
54
41
9
17
0
20

# p 
 7 

# X 
1 -0.671161825 1.622165347 1.850493859 -0.018960446 1.375664754 -1.518693046
1 -0.671161825 1.622165347 1.850493859 -0.018960446 1.375664754 -1.518693046
1 -0.671161825 1.622165347 1.850493859 -0.018960446 1.375664754 -1.518693046
1 -0.671161825 1.622165347 1.850493859 -0.018960446 1.375664754 -1.518693046
1 -0.671161825 1.622165347 1.850493859 -0.018960446 1.375664754 -1.518693046
1 -0.671161825 1.622165347 1.850493859 -0.018960446 1.375664754 -1.518693046
1 -0.671161825 1.622165347 1.850493859 -0.018960446 1.375664754 -1.518693046
1 -0.671161825 1.622165347 1.850493859 -0.018960446 1.375664754 -1.518693046
1 -0.671161825 1.622165347 1.850493859 -0.018960446 1.375664754 -1.518693046
1 -0.671161825 1.622165347 1.850493859 -0.018960446 1.375664754 -1.518693046
1 -0.671161825 1.622165347 1.850493859 -0.018960446 1.375664754 -1.518693046
1 -0.671161825 1.622165347 1.850493859 -0.018960446 1.375664754 -1.518693046
1 0.084635792 0.351564705 -0.543627573 -0.514302089 0.727624347 -0.058232095
1 0.084635792 0.351564705 -0.543627573 -0.514302089 0.727624347 -0.058232095
1 0.084635792 0.351564705 -0.543627573 -0.514302089 0.727624347 -0.058232095
1 0.084635792 0.351564705 -0.543627573 -0.514302089 0.727624347 -0.058232095
1 0.084635792 0.351564705 -0.543627573 -0.514302089 0.727624347 -0.058232095
1 0.084635792 0.351564705 -0.543627573 -0.514302089 0.727624347 -0.058232095
1 0.084635792 0.351564705 -0.543627573 -0.514302089 0.727624347 -0.058232095
1 0.084635792 0.351564705 -0.543627573 -0.514302089 0.727624347 -0.058232095
1 0.084635792 0.351564705 -0.543627573 -0.514302089 0.727624347 -0.058232095
1 0.084635792 0.351564705 -0.543627573 -0.514302089 0.727624347 -0.058232095
1 0.084635792 0.351564705 -0.543627573 -0.514302089 0.727624347 -0.058232095
1 0.084635792 0.351564705 -0.543627573 -0.514302089 0.727624347 -0.058232095
1 -0.076172212 -0.701218685 0.277214061 0.566443314 -1.504514833 -0.013975703
1 -0.076172212 -0.701218685 0.277214061 0.566443314 -1.504514833 -0.013975703
1 -0.076172212 -0.701218685 0.277214061 0.566443314 -1.504514833 -0.013975703
1 -0.076172212 -0.701218685 0.277214061 0.566443314 -1.504514833 -0.013975703
1 -0.076172212 -0.701218685 0.277214061 0.566443314 -1.504514833 -0.013975703
1 -0.076172212 -0.701218685 0.277214061 0.566443314 -1.504514833 -0.013975703
1 -0.076172212 -0.701218685 0.277214061 0.566443314 -1.504514833 -0.013975703
1 -0.076172212 -0.701218685 0.277214061 0.566443314 -1.504514833 -0.013975703
1 -0.076172212 -0.701218685 0.277214061 0.566443314 -1.504514833 -0.013975703
1 -0.076172212 -0.701218685 0.277214061 0.566443314 -1.504514833 -0.013975703
1 -0.076172212 -0.701218685 0.277214061 0.566443314 -1.504514833 -0.013975703
1 -0.076172212 -0.701218685 0.277214061 0.566443314 -1.504514833 -0.013975703
1 1.178130215 1.11392509 0.550827939 -1.279830082 1.735687202 0.649870184
1 1.178130215 1.11392509 0.550827939 -1.279830082 1.735687202 0.649870184
1 1.178130215 1.11392509 0.550827939 -1.279830082 1.735687202 0.649870184
1 1.178130215 1.11392509 0.550827939 -1.279830082 1.735687202 0.649870184
1 1.178130215 1.11392509 0.550827939 -1.279830082 1.735687202 0.649870184
1 1.178130215 1.11392509 0.550827939 -1.279830082 1.735687202 0.649870184
1 1.178130215 1.11392509 0.550827939 -1.279830082 1.735687202 0.649870184
1 1.178130215 1.11392509 0.550827939 -1.279830082 1.735687202 0.649870184
1 1.178130215 1.11392509 0.550827939 -1.279830082 1.735687202 0.649870184
1 1.178130215 1.11392509 0.550827939 -1.279830082 1.735687202 0.649870184
1 1.178130215 1.11392509 0.550827939 -1.279830082 1.735687202 0.649870184
1 1.178130215 1.11392509 0.550827939 -1.279830082 1.735687202 0.649870184
1 1.499746221 0.315261829 1.098055695 -0.784488439 -0.928478915 -0.191001273
1 1.499746221 0.315261829 1.098055695 -0.784488439 -0.928478915 -0.191001273
1 1.499746221 0.315261829 1.098055695 -0.784488439 -0.928478915 -0.191001273
1 1.499746221 0.315261829 1.098055695 -0.784488439 -0.928478915 -0.191001273
1 1.499746221 0.315261829 1.098055695 -0.784488439 -0.928478915 -0.191001273
1 1.499746221 0.315261829 1.098055695 -0.784488439 -0.928478915 -0.191001273
1 1.499746221 0.315261829 1.098055695 -0.784488439 -0.928478915 -0.191001273
1 1.499746221 0.315261829 1.098055695 -0.784488439 -0.928478915 -0.191001273
1 1.499746221 0.315261829 1.098055695 -0.784488439 -0.928478915 -0.191001273
1 1.499746221 0.315261829 1.098055695 -0.784488439 -0.928478915 -0.191001273
1 1.499746221 0.315261829 1.098055695 -0.784488439 -0.928478915 -0.191001273
1 1.499746221 0.315261829 1.098055695 -0.784488439 -0.928478915 -0.191001273
1 0.341928597 0.533079083 -0.133206756 0.296256963 -0.784469936 0.782639361
1 0.341928597 0.533079083 -0.133206756 0.296256963 -0.784469936 0.782639361
1 0.341928597 0.533079083 -0.133206756 0.296256963 -0.784469936 0.782639361
1 0.341928597 0.533079083 -0.133206756 0.296256963 -0.784469936 0.782639361
1 0.341928597 0.533079083 -0.133206756 0.296256963 -0.784469936 0.782639361
1 0.341928597 0.533079083 -0.133206756 0.296256963 -0.784469936 0.782639361
1 0.341928597 0.533079083 -0.133206756 0.296256963 -0.784469936 0.782639361
1 0.341928597 0.533079083 -0.133206756 0.296256963 -0.784469936 0.782639361
1 0.341928597 0.533079083 -0.133206756 0.296256963 -0.784469936 0.782639361
1 0.341928597 0.533079083 -0.133206756 0.296256963 -0.784469936 0.782639361
1 0.341928597 0.533079083 -0.133206756 0.296256963 -0.784469936 0.782639361
1 0.341928597 0.533079083 -0.133206756 0.296256963 -0.784469936 0.782639361
1 -1.298313039 -1.790304952 -1.364469208 1.467064483 -1.360505853 -1.164641907
1 -1.298313039 -1.790304952 -1.364469208 1.467064483 -1.360505853 -1.164641907
1 -1.298313039 -1.790304952 -1.364469208 1.467064483 -1.360505853 -1.164641907
1 -1.298313039 -1.790304952 -1.364469208 1.467064483 -1.360505853 -1.164641907
1 -1.298313039 -1.790304952 -1.364469208 1.467064483 -1.360505853 -1.164641907
1 -1.298313039 -1.790304952 -1.364469208 1.467064483 -1.360505853 -1.164641907
1 -1.298313039 -1.790304952 -1.364469208 1.467064483 -1.360505853 -1.164641907
1 -1.298313039 -1.790304952 -1.364469208 1.467064483 -1.360505853 -1.164641907
1 -1.298313039 -1.790304952 -1.364469208 1.467064483 -1.360505853 -1.164641907
1 -1.298313039 -1.790304952 -1.364469208 1.467064483 -1.360505853 -1.164641907
1 -1.298313039 -1.790304952 -1.364469208 1.467064483 -1.360505853 -1.164641907
1 -1.298313039 -1.790304952 -1.364469208 1.467064483 -1.360505853 -1.164641907
1 -0.42994982 1.005016464 0.208810591 -0.919581614 -0.136429529 -0.899103552
1 -0.42994982 1.005016464 0.208810591 -0.919581614 -0.136429529 -0.899103552
1 -0.42994982 1.005016464 0.208810591 -0.919581614 -0.136429529 -0.899103552
1 -0.42994982 1.005016464 0.208810591 -0.919581614 -0.136429529 -0.899103552
1 -0.42994982 1.005016464 0.208810591 -0.919581614 -0.136429529 -0.899103552
1 -0.42994982 1.005016464 0.208810591 -0.919581614 -0.136429529 -0.899103552
1 -0.42994982 1.005016464 0.208810591 -0.919581614 -0.136429529 -0.899103552
1 -0.42994982 1.005016464 0.208810591 -0.919581614 -0.136429529 -0.899103552
1 -0.42994982 1.005016464 0.208810591 -0.919581614 -0.136429529 -0.899103552
1 -0.42994982 1.005016464 0.208810591 -0.919581614 -0.136429529 -0.899103552
1 -0.42994982 1.005016464 0.208810591 -0.919581614 -0.136429529 -0.899103552
1 -0.42994982 1.005016464 0.208810591 -0.919581614 -0.136429529 -0.899103552
1 0.647463803 -0.846430188 -0.064803287 -0.379208913 -0.496451977 0.251562652
1 0.647463803 -0.846430188 -0.064803287 -0.379208913 -0.496451977 0.251562652
1 0.647463803 -0.846430188 -0.064803287 -0.379208913 -0.496451977 0.251562652
1 0.647463803 -0.846430188 -0.064803287 -0.379208913 -0.496451977 0.251562652
1 0.647463803 -0.846430188 -0.064803287 -0.379208913 -0.496451977 0.251562652
1 0.647463803 -0.846430188 -0.064803287 -0.379208913 -0.496451977 0.251562652
1 0.647463803 -0.846430188 -0.064803287 -0.379208913 -0.496451977 0.251562652
1 0.647463803 -0.846430188 -0.064803287 -0.379208913 -0.496451977 0.251562652
1 0.647463803 -0.846430188 -0.064803287 -0.379208913 -0.496451977 0.251562652
1 0.647463803 -0.846430188 -0.064803287 -0.379208913 -0.496451977 0.251562652
1 0.647463803 -0.846430188 -0.064803287 -0.379208913 -0.496451977 0.251562652
1 0.647463803 -0.846430188 -0.064803287 -0.379208913 -0.496451977 0.251562652
1 -2.29532266 -0.483401433 -2.185310842 2.367685652 0.367601899 -1.961256971
1 -2.29532266 -0.483401433 -2.185310842 2.367685652 0.367601899 -1.961256971
1 -2.29532266 -0.483401433 -2.185310842 2.367685652 0.367601899 -1.961256971
1 -2.29532266 -0.483401433 -2.185310842 2.367685652 0.367601899 -1.961256971
1 -2.29532266 -0.483401433 -2.185310842 2.367685652 0.367601899 -1.961256971
1 -2.29532266 -0.483401433 -2.185310842 2.367685652 0.367601899 -1.961256971
1 -2.29532266 -0.483401433 -2.185310842 2.367685652 0.367601899 -1.961256971
1 -2.29532266 -0.483401433 -2.185310842 2.367685652 0.367601899 -1.961256971
1 -2.29532266 -0.483401433 -2.185310842 2.367685652 0.367601899 -1.961256971
1 -2.29532266 -0.483401433 -2.185310842 2.367685652 0.367601899 -1.961256971
1 -2.29532266 -0.483401433 -2.185310842 2.367685652 0.367601899 -1.961256971
1 -2.29532266 -0.483401433 -2.185310842 2.367685652 0.367601899 -1.961256971
1 0.036393391 -0.628612935 1.029652225 0.071101671 -1.288501364 1.490741641
1 0.036393391 -0.628612935 1.029652225 0.071101671 -1.288501364 1.490741641
1 0.036393391 -0.628612935 1.029652225 0.071101671 -1.288501364 1.490741641
1 0.036393391 -0.628612935 1.029652225 0.071101671 -1.288501364 1.490741641
1 0.036393391 -0.628612935 1.029652225 0.071101671 -1.288501364 1.490741641
1 0.036393391 -0.628612935 1.029652225 0.071101671 -1.288501364 1.490741641
1 0.036393391 -0.628612935 1.029652225 0.071101671 -1.288501364 1.490741641
1 0.036393391 -0.628612935 1.029652225 0.071101671 -1.288501364 1.490741641
1 0.036393391 -0.628612935 1.029652225 0.071101671 -1.288501364 1.490741641
1 0.036393391 -0.628612935 1.029652225 0.071101671 -1.288501364 1.490741641
1 0.036393391 -0.628612935 1.029652225 0.071101671 -1.288501364 1.490741641
1 0.036393391 -0.628612935 1.029652225 0.071101671 -1.288501364 1.490741641
1 1.033403012 -0.156675552 0.482424469 -0.874550556 0.583615368 0.871152146
1 1.033403012 -0.156675552 0.482424469 -0.874550556 0.583615368 0.871152146
1 1.033403012 -0.156675552 0.482424469 -0.874550556 0.583615368 0.871152146
1 1.033403012 -0.156675552 0.482424469 -0.874550556 0.583615368 0.871152146
1 1.033403012 -0.156675552 0.482424469 -0.874550556 0.583615368 0.871152146
1 1.033403012 -0.156675552 0.482424469 -0.874550556 0.583615368 0.871152146
1 1.033403012 -0.156675552 0.482424469 -0.874550556 0.583615368 0.871152146
1 1.033403012 -0.156675552 0.482424469 -0.874550556 0.583615368 0.871152146
1 1.033403012 -0.156675552 0.482424469 -0.874550556 0.583615368 0.871152146
1 1.033403012 -0.156675552 0.482424469 -0.874550556 0.583615368 0.871152146
1 1.033403012 -0.156675552 0.482424469 -0.874550556 0.583615368 0.871152146
1 1.033403012 -0.156675552 0.482424469 -0.874550556 0.583615368 0.871152146
1 0.004231789 -0.120372676 -0.270013695 -0.109022563 -0.568456467 -1.385923869
1 0.004231789 -0.120372676 -0.270013695 -0.109022563 -0.568456467 -1.385923869
1 0.004231789 -0.120372676 -0.270013695 -0.109022563 -0.568456467 -1.385923869
1 0.004231789 -0.120372676 -0.270013695 -0.109022563 -0.568456467 -1.385923869
1 0.004231789 -0.120372676 -0.270013695 -0.109022563 -0.568456467 -1.385923869
1 0.004231789 -0.120372676 -0.270013695 -0.109022563 -0.568456467 -1.385923869
1 0.004231789 -0.120372676 -0.270013695 -0.109022563 -0.568456467 -1.385923869
1 0.004231789 -0.120372676 -0.270013695 -0.109022563 -0.568456467 -1.385923869
1 0.004231789 -0.120372676 -0.270013695 -0.109022563 -0.568456467 -1.385923869
1 0.004231789 -0.120372676 -0.270013695 -0.109022563 -0.568456467 -1.385923869
1 0.004231789 -0.120372676 -0.270013695 -0.109022563 -0.568456467 -1.385923869
1 0.004231789 -0.120372676 -0.270013695 -0.109022563 -0.568456467 -1.385923869
1 1.210291815 0.968713588 -0.270013695 -1.05467479 -0.352442998 0.517101007
1 1.210291815 0.968713588 -0.270013695 -1.05467479 -0.352442998 0.517101007
1 1.210291815 0.968713588 -0.270013695 -1.05467479 -0.352442998 0.517101007
1 1.210291815 0.968713588 -0.270013695 -1.05467479 -0.352442998 0.517101007
1 1.210291815 0.968713588 -0.270013695 -1.05467479 -0.352442998 0.517101007
1 1.210291815 0.968713588 -0.270013695 -1.05467479 -0.352442998 0.517101007
1 1.210291815 0.968713588 -0.270013695 -1.05467479 -0.352442998 0.517101007
1 1.210291815 0.968713588 -0.270013695 -1.05467479 -0.352442998 0.517101007
1 1.210291815 0.968713588 -0.270013695 -1.05467479 -0.352442998 0.517101007
1 1.210291815 0.968713588 -0.270013695 -1.05467479 -0.352442998 0.517101007
1 1.210291815 0.968713588 -0.270013695 -1.05467479 -0.352442998 0.517101007
1 1.210291815 0.968713588 -0.270013695 -1.05467479 -0.352442998 0.517101007
1 0.470575 1.549559597 0.277214061 -0.784488439 0.655619857 1.048177716
1 0.470575 1.549559597 0.277214061 -0.784488439 0.655619857 1.048177716
1 0.470575 1.549559597 0.277214061 -0.784488439 0.655619857 1.048177716
1 0.470575 1.549559597 0.277214061 -0.784488439 0.655619857 1.048177716
1 0.470575 1.549559597 0.277214061 -0.784488439 0.655619857 1.048177716
1 0.470575 1.549559597 0.277214061 -0.784488439 0.655619857 1.048177716
1 0.470575 1.549559597 0.277214061 -0.784488439 0.655619857 1.048177716
1 0.470575 1.549559597 0.277214061 -0.784488439 0.655619857 1.048177716
1 0.470575 1.549559597 0.277214061 -0.784488439 0.655619857 1.048177716
1 0.470575 1.549559597 0.277214061 -0.784488439 0.655619857 1.048177716
1 0.470575 1.549559597 0.277214061 -0.784488439 0.655619857 1.048177716
1 0.470575 1.549559597 0.277214061 -0.784488439 0.655619857 1.048177716
1 0.567059802 -1.862910702 -1.296065738 -0.154053621 -0.856474426 0.074537082
1 0.567059802 -1.862910702 -1.296065738 -0.154053621 -0.856474426 0.074537082
1 0.567059802 -1.862910702 -1.296065738 -0.154053621 -0.856474426 0.074537082
1 0.567059802 -1.862910702 -1.296065738 -0.154053621 -0.856474426 0.074537082
1 0.567059802 -1.862910702 -1.296065738 -0.154053621 -0.856474426 0.074537082
1 0.567059802 -1.862910702 -1.296065738 -0.154053621 -0.856474426 0.074537082
1 0.567059802 -1.862910702 -1.296065738 -0.154053621 -0.856474426 0.074537082
1 0.567059802 -1.862910702 -1.296065738 -0.154053621 -0.856474426 0.074537082
1 0.567059802 -1.862910702 -1.296065738 -0.154053621 -0.856474426 0.074537082
1 0.567059802 -1.862910702 -1.296065738 -0.154053621 -0.856474426 0.074537082
1 0.567059802 -1.862910702 -1.296065738 -0.154053621 -0.856474426 0.074537082
1 0.567059802 -1.862910702 -1.296065738 -0.154053621 -0.856474426 0.074537082
1 -0.172657014 -0.410795681 1.371669573 0.926691782 1.231655775 1.490741641
1 -0.172657014 -0.410795681 1.371669573 0.926691782 1.231655775 1.490741641
1 -0.172657014 -0.410795681 1.371669573 0.926691782 1.231655775 1.490741641
1 -0.172657014 -0.410795681 1.371669573 0.926691782 1.231655775 1.490741641
1 -0.172657014 -0.410795681 1.371669573 0.926691782 1.231655775 1.490741641
1 -0.172657014 -0.410795681 1.371669573 0.926691782 1.231655775 1.490741641
1 -0.172657014 -0.410795681 1.371669573 0.926691782 1.231655775 1.490741641
1 -0.172657014 -0.410795681 1.371669573 0.926691782 1.231655775 1.490741641
1 -0.172657014 -0.410795681 1.371669573 0.926691782 1.231655775 1.490741641
1 -0.172657014 -0.410795681 1.371669573 0.926691782 1.231655775 1.490741641
1 -0.172657014 -0.410795681 1.371669573 0.926691782 1.231655775 1.490741641
1 -0.172657014 -0.410795681 1.371669573 0.926691782 1.231655775 1.490741641
1 -1.716413847 -0.701218685 -0.954048391 1.647188717 0.511610878 0.163049867
1 -1.716413847 -0.701218685 -0.954048391 1.647188717 0.511610878 0.163049867
1 -1.716413847 -0.701218685 -0.954048391 1.647188717 0.511610878 0.163049867
1 -1.716413847 -0.701218685 -0.954048391 1.647188717 0.511610878 0.163049867
1 -1.716413847 -0.701218685 -0.954048391 1.647188717 0.511610878 0.163049867
1 -1.716413847 -0.701218685 -0.954048391 1.647188717 0.511610878 0.163049867
1 -1.716413847 -0.701218685 -0.954048391 1.647188717 0.511610878 0.163049867
1 -1.716413847 -0.701218685 -0.954048391 1.647188717 0.511610878 0.163049867
1 -1.716413847 -0.701218685 -0.954048391 1.647188717 0.511610878 0.163049867
1 -1.716413847 -0.701218685 -0.954048391 1.647188717 0.511610878 0.163049867
1 -1.716413847 -0.701218685 -0.954048391 1.647188717 0.511610878 0.163049867
1 -1.716413847 -0.701218685 -0.954048391 1.647188717 0.511610878 0.163049867

# M 
 1 

# q 
 12 

# m 
 1 

# ncolZ 
 1 

# Z 
1
1
1
1
1
1
1
1
1
1
1
1
1
1
1
1
1
1
1
1
1
1
1
1
1
1
1
1
1
1
1
1
1
1
1
1
1
1
1
1
1
1
1
1
1
1
1
1
1
1
1
1
1
1
1
1
1
1
1
1
1
1
1
1
1
1
1
1
1
1
1
1
1
1
1
1
1
1
1
1
1
1
1
1
1
1
1
1
1
1
1
1
1
1
1
1
1
1
1
1
1
1
1
1
1
1
1
1
1
1
1
1
1
1
1
1
1
1
1
1
1
1
1
1
1
1
1
1
1
1
1
1
1
1
1
1
1
1
1
1
1
1
1
1
1
1
1
1
1
1
1
1
1
1
1
1
1
1
1
1
1
1
1
1
1
1
1
1
1
1
1
1
1
1
1
1
1
1
1
1
1
1
1
1
1
1
1
1
1
1
1
1
1
1
1
1
1
1
1
1
1
1
1
1
1
1
1
1
1
1
1
1
1
1
1
1

# II 
7
8
9
10
11
12
1
2
4
3
5
6
7
8
9
10
11
12
1
2
4
3
5
6
7
8
9
10
11
12
1
2
4
3
5
6
7
8
9
10
11
12
1
2
4
3
5
6
7
8
9
10
11
12
1
2
4
3
5
6
7
8
9
10
11
12
1
2
4
3
5
6
7
8
9
10
11
12
1
2
4
3
5
6
7
8
9
10
11
12
1
2
4
3
5
6
7
8
9
10
11
12
1
2
4
3
5
6
7
8
9
10
11
12
1
2
4
3
5
6
7
8
9
10
11
12
1
2
4
3
5
6
7
8
9
10
11
12
1
2
4
3
5
6
7
8
9
10
11
12
1
2
4
3
5
6
7
8
9
10
11
12
1
2
4
3
5
6
7
8
9
10
11
12
1
2
4
3
5
6
7
8
9
10
11
12
1
2
4
3
5
6
7
8
9
10
11
12
1
2
4
3
5
6
7
8
9
10
11
12
1
2
4
3
5
6

# cor_flag 
 0 

# cor_block_start 
 1 

# cor_block_stop 
 1 

# numb_cor_params 
 1 

# like_type_flag 
 0 

# link_type_flag 
 0 

# rlinkflag 
 1 

# no_rand_flag 
 0 

# zi_flag 
 1 

# zi_kluge 
 0 

# poiss_prob_bound 
 1 

# nbinom1_flag 
 0 

# intermediate_maxfn 
 500 

# has_offset 
 0 

# offset 
 0 0 0 0 0 0 0 0 0 0 0 0 0 0 0 0 0 0 0 0 0 0 0 0 0 0 0 0 0 0 0 0 0 0 0 0 0 0 0 0 0 0 0 0 0 0 0 0 0 0 0 0 0 0 0 0 0 0 0 0 0 0 0 0 0 0 0 0 0 0 0 0 0 0 0 0 0 0 0 0 0 0 0 0 0 0 0 0 0 0 0 0 0 0 0 0 0 0 0 0 0 0 0 0 0 0 0 0 0 0 0 0 0 0 0 0 0 0 0 0 0 0 0 0 0 0 0 0 0 0 0 0 0 0 0 0 0 0 0 0 0 0 0 0 0 0 0 0 0 0 0 0 0 0 0 0 0 0 0 0 0 0 0 0 0 0 0 0 0 0 0 0 0 0 0 0 0 0 0 0 0 0 0 0 0 0 0 0 0 0 0 0 0 0 0 0 0 0 0 0 0 0 0 0 0 0 0 0 0 0 0 0 0 0 0 0 

