 Team                           RATING    W   L  SCHEDL(RANK) VS top 25 | VS top 50 | GOLDEN_MEAN  | PREDICTOR    | PURE_ELO   
   1  Arizona                 =  94.77   26   2   78.47(  36)    4   0  |   11   1  |   95.87    1 |   94.27    1 |   95.14    2
   2  Duke                    =  91.25   23   6   78.59(  34)    5   4  |    6   4  |   91.78    3 |   91.65    3 |   88.85   11
   3  Kansas                  =  91.23   22   6   81.80(   1)    4   3  |   11   6  |   90.80    6 |   91.41    4 |   89.98    8
   4  Louisville              =  91.06   24   4   72.83( 142)    2   3  |    3   4  |   93.06    2 |   92.29    2 |   86.79   20
   5  Villanova               =  90.96   25   3   78.76(  29)    2   3  |    5   3  |   91.07    5 |   90.39    7 |   92.68    6
   6  Creighton               =  90.81   23   4   78.89(  26)    2   1  |    5   3  |   91.60    4 |   90.65    6 |   89.89    9
   7  Wisconsin               =  90.51   23   5   81.05(   3)    6   2  |    9   3  |   90.37    9 |   89.88   10 |   93.05    4
   8  Florida                 =  90.38   26   2   77.58(  55)    2   2  |    7   2  |   88.65   15 |   90.12    8 |   93.03    5
   9  Michigan State          =  89.67   22   6   79.54(  16)    3   4  |    6   4  |   90.54    7 |   89.61   11 |   88.33   14
  10  Virginia                =  89.61   24   5   77.74(  51)    2   2  |    5   4  |   90.09   10 |   89.50   13 |   88.68   12
  11  Michigan                =  89.45   20   7   81.72(   2)    5   5  |    8   5  |   88.74   14 |   89.54   12 |   88.66   13
  12  Iowa                    =  89.19   19   9   79.62(  13)    2   7  |    4   8  |   90.42    8 |   90.92    5 |   84.28   32
  13  Ohio State              =  88.69   22   7   77.91(  47)    2   3  |    3   4  |   89.65   11 |   89.91    9 |   84.45   29
  14  Iowa State              =  88.62   22   5   79.53(  17)    3   2  |    8   4  |   87.96   19 |   88.75   14 |   87.72   16
  15  Syracuse                =  88.58   26   2   77.85(  48)    5   1  |    8   1  |   88.24   16 |   87.78   18 |   93.52    3
  16  Wichita State           =  88.06   29   0   73.24( 128)    0   0  |    3   0  |   88.08   17 |   87.05   20 |   97.37    1
  17  Kentucky                =  87.80   21   7   78.35(  37)    1   3  |    2   6  |   88.94   12 |   88.26   17 |   84.81   26
  18  UCLA                    =  87.75   21   7   77.93(  46)    0   2  |    6   5  |   88.91   13 |   88.32   16 |   84.52   28
  19  Oklahoma State          =  86.93   18  10   78.80(  27)    0   2  |    4   9  |   88.01   18 |   88.70   15 |   81.62   54
  20  North Carolina          =  86.90   21   7   78.13(  40)    5   2  |    6   3  |   86.96   20 |   86.38   22 |   88.33   15
College Basketball 2013-2014    Div I games only   through games of 2014 February 28 Friday                                         
                                RATING    W   L  SCHEDL(RANK) VS top 25 | VS top 50 | GOLDEN_MEAN  | PREDICTOR    | PURE_ELO   
                HOME ADVANTAGE=[  3.34]                                               [  3.13]       [  3.21]       [  4.12]
  21  Pittsburgh              =  86.58   21   7   77.02(  66)    0   6  |    1   7  |   85.79   22 |   87.33   19 |   83.88   36
  22  Cincinnati              =  86.49   24   4   74.54( 110)    3   1  |    5   4  |   86.91   21 |   85.96   23 |   87.55   17
  23  Connecticut             =  86.18   22   6   76.01(  85)    1   2  |    4   5  |   85.46   25 |   86.46   21 |   84.74   27
  24  San Diego State         =  86.07   22   3   74.89( 103)    2   1  |    2   2  |   85.23   28 |   85.45   25 |   89.58   10
  25  Gonzaga                 =  85.60   23   6   75.49(  94)    0   0  |    2   3  |   85.67   23 |   85.76   24 |   83.97   33
  26  VCU(Va. Commonwealth)   =  85.32   21   7   75.44(  95)    1   0  |    2   4  |   85.45   26 |   85.38   26 |   83.95   35
  27  Oklahoma                =  85.31   20   8   80.06(   8)    3   4  |    7   6  |   85.25   27 |   84.98   29 |   85.76   23
  28  SMU                     =  85.31   22   6   73.74( 121)    3   3  |    4   4  |   85.60   24 |   85.06   28 |   85.04   25
  29  Saint Louis             =  85.03   24   3   74.47( 111)    0   2  |    2   2  |   83.97   38 |   84.28   37 |   90.52    7
  30  Arizona State           =  85.02   20   8   78.19(  38)    1   3  |    5   6  |   85.22   29 |   84.88   30 |   84.38   31
College Basketball 2013-2014    Div I games only   through games of 2014 February 28 Friday                                         
                                RATING    W   L  SCHEDL(RANK) VS top 25 | VS top 50 | GOLDEN_MEAN  | PREDICTOR    | PURE_ELO   
                HOME ADVANTAGE=[  3.34]                                               [  3.13]       [  3.21]       [  4.12]
  31  Oregon                  =  84.83   19   8   77.40(  58)    1   2  |    3   5  |   84.55   31 |   85.33   27 |   82.40   45
  32  Texas                   =  84.60   21   7   79.88(   9)    4   4  |    7   7  |   83.09   47 |   84.35   34 |   86.41   22
  33  Stanford                =  84.60   18   9   78.59(  35)    2   4  |    4   6  |   85.18   30 |   84.70   32 |   82.79   41
  34  Baylor                  =  84.39   16  10   80.21(   6)    3   4  |    5   8  |   84.03   36 |   84.64   33 |   82.78   43
  35  Kansas State            =  84.17   19   9   78.16(  39)    3   2  |    6   5  |   84.41   34 |   83.82   40 |   84.43   30
  36  New Mexico              =  84.12   22   5   76.08(  83)    2   1  |    2   2  |   83.27   42 |   83.58   43 |   86.92   19
  37  Arkansas                =  84.05   19   9   76.83(  69)    2   2  |    4   3  |   83.90   39 |   84.72   31 |   80.99   61
  38  Massachusetts           =  84.02   22   5   77.71(  52)    0   0  |    4   1  |   83.23   44 |   83.43   44 |   87.04   18
  39  Florida State           =  83.99   16  11   79.68(  12)    1   6  |    3   7  |   83.87   40 |   84.33   35 |   81.86   52
  40  Louisiana Tech          =  83.69   22   6   69.59( 239)    0   1  |    1   1  |   84.43   32 |   84.01   39 |   81.09   59
College Basketball 2013-2014    Div I games only   through games of 2014 February 28 Friday                                         
                                RATING    W   L  SCHEDL(RANK) VS top 25 | VS top 50 | GOLDEN_MEAN  | PREDICTOR    | PURE_ELO   
                HOME ADVANTAGE=[  3.34]                                               [  3.13]       [  3.21]       [  4.12]
  41  Tennessee               =  83.65   16  11   78.06(  42)    1   4  |    3   5  |   83.23   43 |   84.29   36 |   80.84   62
  42  Xavier-Ohio             =  83.62   19   9   78.09(  41)    1   3  |    4   4  |   84.42   33 |   83.22   46 |   83.57   39
  43  BYU                     =  83.55   19  10   77.55(  56)    1   3  |    3   6  |   83.12   45 |   83.74   41 |   82.13   49
  44  Harvard                 =  83.48   22   4   71.17( 190)    0   1  |    0   2  |   83.10   46 |   82.94   47 |   85.43   24
  45  Utah                    =  83.44   16   9   75.60(  91)    1   3  |    3   6  |   84.07   35 |   84.09   38 |   79.93   72
  46  Memphis                 =  83.34   20   7   74.88( 105)    3   5  |    3   6  |   83.99   37 |   83.26   45 |   82.11   50
  47  George Washington       =  83.33   20   7   76.59(  73)    1   0  |    2   4  |   83.64   41 |   82.92   48 |   83.78   37
  48  St. John's              =  83.27   18  11   77.67(  53)    1   5  |    1   7  |   82.38   51 |   83.74   42 |   81.26   57
  49  Minnesota               =  82.76   17  11   79.57(  15)    3   6  |    4   7  |   82.48   50 |   82.82   49 |   81.66   53
  50  Colorado                =  82.51   20   8   78.04(  43)    1   5  |    5   7  |   82.87   48 |   82.09   53 |   83.01   40
College Basketball 2013-2014    Div I games only   through games of 2014 February 28 Friday                                         
                                RATING    W   L  SCHEDL(RANK) VS top 25 | VS top 50 | GOLDEN_MEAN  | PREDICTOR    | PURE_ELO   
                HOME ADVANTAGE=[  3.34]                                               [  3.13]       [  3.21]       [  4.12]
  51  Providence              =  82.49   19  10   78.65(  31)    1   3  |    3   6  |   81.79   54 |   82.32   51 |   82.78   42
  52  Georgetown              =  82.09   16  12   79.15(  23)    1   3  |    5   6  |   81.85   53 |   82.05   54 |   81.40   55
  53  California              =  82.08   18  10   78.60(  33)    1   5  |    4   7  |   80.99   63 |   82.04   55 |   82.25   47
  54  West Virginia           =  82.03   15  13   79.21(  22)    1   6  |    4  10  |   81.38   56 |   82.72   50 |   79.11   82
  55  Green Bay               =  81.85   20   5   72.96( 133)    1   1  |    1   2  |   81.27   57 |   81.37   61 |   83.67   38
  56  Marquette               =  81.74   17  11   79.09(  24)    0   6  |    2  10  |   80.91   66 |   81.58   59 |   82.15   48
  57  Clemson                 =  81.72   17  10   76.78(  70)    1   4  |    2   7  |   81.26   58 |   82.17   52 |   79.39   79
  58  Indiana                 =  81.70   16  12   77.96(  45)    3   5  |    3   6  |   81.92   52 |   81.90   57 |   79.71   74
  59  Missouri                =  81.57   19   9   77.53(  57)    1   2  |    4   2  |   81.20   61 |   81.75   58 |   80.13   70
  60  Maryland                =  81.57   15  13   78.62(  32)    0   8  |    1  10  |   82.49   49 |   81.91   56 |   78.65   88
College Basketball 2013-2014    Div I games only   through games of 2014 February 28 Friday                                         
                                RATING    W   L  SCHEDL(RANK) VS top 25 | VS top 50 | GOLDEN_MEAN  | PREDICTOR    | PURE_ELO   
                HOME ADVANTAGE=[  3.34]                                               [  3.13]       [  3.21]       [  4.12]
  61  Saint Mary's-Cal.       =  81.49   20   9   74.95( 102)    0   1  |    1   3  |   81.25   60 |   81.33   62 |   81.31   56
  62  LSU                     =  81.20   17  10   76.84(  68)    1   1  |    2   5  |   80.92   65 |   81.43   60 |   79.47   78
  63  Saint Joseph's-Pa.      =  81.10   20   7   76.04(  84)    0   2  |    2   4  |   80.98   64 |   80.37   65 |   83.95   34
  64  Nebraska                =  81.00   16  11   79.37(  19)    2   6  |    3   7  |   81.25   59 |   80.83   64 |   80.44   67
  65  Dayton                  =  80.68   19   9   75.70(  89)    1   0  |    2   3  |   80.76   67 |   80.30   67 |   81.25   58
  66  Illinois                =  80.68   16  12   78.80(  28)    0   6  |    1   7  |   80.61   68 |   80.91   63 |   78.78   86
  67  Southern Miss           =  79.96   22   5   71.57( 173)    0   1  |    1   1  |   81.45   55 |   79.04   74 |   82.05   51
  68  Vermont                 =  79.80   18   9   69.22( 254)    0   1  |    0   2  |   81.09   62 |   80.31   66 |   75.96  118
  69  Boise State             =  79.73   16  10   76.31(  80)    0   4  |    2   5  |   79.47   71 |   79.78   70 |   78.65   87
  70  North Dakota State      =  79.68   19   6   73.08( 131)    0   1  |    0   1  |   78.77   78 |   79.10   72 |   82.44   44
College Basketball 2013-2014    Div I games only   through games of 2014 February 28 Friday                                         
                                RATING    W   L  SCHEDL(RANK) VS top 25 | VS top 50 | GOLDEN_MEAN  | PREDICTOR    | PURE_ELO   
                HOME ADVANTAGE=[  3.34]                                               [  3.13]       [  3.21]       [  4.12]
  71  UNLV                    =  79.63   18  10   72.93( 135)    0   2  |    1   4  |   80.33   69 |   79.92   68 |   76.88  103
  72  Mississippi             =  79.47   17  11   76.35(  79)    0   3  |    0   6  |   78.99   76 |   79.63   71 |   78.16   94
  73  Texas Tech              =  79.32   13  15   79.73(  11)    1   6  |    3  11  |   79.01   75 |   79.88   69 |   76.36  111
  74  Richmond                =  79.03   18  10   75.35(  96)    0   2  |    1   6  |   78.41   83 |   78.77   77 |   79.68   75
  75  Stephen F. Austin       =  78.94   24   2   66.51( 331)    0   0  |    0   1  |   77.71   93 |   77.89   92 |   86.49   21
  76  Georgia State           =  78.92   19   7   70.18( 219)    0   0  |    0   0  |   78.67   79 |   78.84   76 |   78.39   90
  77  St. Bonaventure         =  78.87   16  12   74.89( 104)    0   0  |    1   4  |   79.42   72 |   78.94   75 |   77.00  101
  78  NC State                =  78.76   17  11   77.35(  59)    0   7  |    2   7  |   78.36   85 |   78.43   84 |   79.54   76
  79  San Francisco           =  78.74   17  10   75.81(  87)    0   2  |    0   6  |   78.32   87 |   78.12   87 |   81.07   60
  80  Manhattan               =  78.73   21   7   71.50( 179)    0   0  |    0   1  |   78.85   77 |   78.12   88 |   80.44   68
College Basketball 2013-2014    Div I games only   through games of 2014 February 28 Friday                                         
                                RATING    W   L  SCHEDL(RANK) VS top 25 | VS top 50 | GOLDEN_MEAN  | PREDICTOR    | PURE_ELO   
                HOME ADVANTAGE=[  3.34]                                               [  3.13]       [  3.21]       [  4.12]
  81  Penn State              =  78.69   14  14   78.73(  30)    2   5  |    3   6  |   79.08   74 |   79.09   73 |   75.75  122
  82  Tulsa                   =  78.64   16  12   72.65( 148)    0   2  |    0   4  |   79.32   73 |   78.72   78 |   76.64  108
  83  Iona                    =  78.41   19   9   72.59( 150)    0   1  |    0   1  |   78.34   86 |   78.18   86 |   78.34   92
  84  Georgia                 =  78.39   16  11   75.77(  88)    0   2  |    1   5  |   76.99  102 |   78.45   82 |   78.41   89
  85  Purdue                  =  78.39   15  13   78.02(  44)    0   7  |    1   8  |   77.71   92 |   78.59   81 |   77.05  100
  86  Mercer                  =  78.29   19   8   68.79( 264)    0   0  |    0   2  |   80.13   70 |   78.02   90 |   76.84  105
  87  UC Santa Barbara        =  78.29   16   8   72.90( 137)    0   1  |    0   2  |   77.61   95 |   77.76   94 |   80.46   66
  88  New Mexico State        =  78.29   20   9   69.83( 232)    0   2  |    1   3  |   78.63   80 |   78.27   85 |   76.98  102
  89  Cleveland State         =  78.27   18  10   72.65( 149)    0   1  |    0   1  |   78.59   81 |   78.07   89 |   77.75   95
  90  Notre Dame              =  78.26   15  14   77.02(  65)    1   6  |    1   7  |   77.59   96 |   78.68   80 |   76.10  115
College Basketball 2013-2014    Div I games only   through games of 2014 February 28 Friday                                         
                                RATING    W   L  SCHEDL(RANK) VS top 25 | VS top 50 | GOLDEN_MEAN  | PREDICTOR    | PURE_ELO   
                HOME ADVANTAGE=[  3.34]                                               [  3.13]       [  3.21]       [  4.12]
  91  Vanderbilt              =  78.03   15  12   77.34(  61)    0   2  |    1   5  |   77.72   91 |   77.96   91 |   77.52   97
  92  Washington              =  78.02   16  13   77.78(  50)    0   3  |    5   7  |   77.51   97 |   77.70   95 |   78.87   84
  93  Seton Hall              =  77.98   14  15   76.50(  75)    0   4  |    1   7  |   78.23   88 |   78.68   79 |   73.96  149
  94  Miami-Florida           =  77.88   14  14   76.57(  74)    1   5  |    3   7  |   78.21   89 |   78.44   83 |   74.31  145
  95  Oregon State            =  77.78   15  12   76.63(  72)    1   1  |    3   5  |   78.56   82 |   77.25  100 |   78.36   91
  96  UC Irvine               =  77.59   17  10   72.85( 141)    0   0  |    0   2  |   77.24   99 |   77.28   98 |   78.22   93
  97  Wyoming                 =  77.53   15  11   74.25( 114)    1   1  |    1   5  |   77.14  100 |   77.77   93 |   75.77  121
  98  Ohio                    =  77.46   18   9   72.76( 146)    0   1  |    0   2  |   77.24   98 |   76.68  103 |   80.48   65
  99  Alabama                 =  77.38   10  17   79.32(  20)    0   5  |    0   9  |   78.39   84 |   77.53   97 |   74.80  136
 100  Buffalo                 =  77.30   16   8   71.56( 176)    0   0  |    0   0  |   77.92   90 |   76.59  104 |   78.98   83
College Basketball 2013-2014    Div I games only   through games of 2014 February 28 Friday                                         
                                RATING    W   L  SCHEDL(RANK) VS top 25 | VS top 50 | GOLDEN_MEAN  | PREDICTOR    | PURE_ELO   
                HOME ADVANTAGE=[  3.34]                                               [  3.13]       [  3.21]       [  4.12]
 101  Northern Iowa           =  77.24   14  14   74.67( 108)    0   4  |    1   4  |   76.80  103 |   77.66   96 |   74.81  134
 102  Toledo                  =  77.19   22   5   71.76( 170)    0   1  |    0   1  |   76.56  107 |   76.18  110 |   82.30   46
 103  UTEP                    =  77.11   18   9   71.54( 178)    0   2  |    2   2  |   76.13  110 |   76.40  107 |   80.67   64
 104  Middle Tennessee        =  77.10   19   8   70.96( 195)    0   2  |    0   3  |   75.59  115 |   76.75  102 |   79.21   81
 105  NC Central              =  77.06   20   5   63.82( 351)    0   2  |    0   2  |   76.76  105 |   76.18  111 |   80.74   63
 106  Portland                =  77.01   15  14   73.95( 117)    1   2  |    2   3  |   76.56  106 |   77.05  101 |   76.12  114
 107  Auburn                  =  76.97   13  13   75.24(  97)    0   4  |    0   6  |   77.62   94 |   77.26   99 |   74.14  147
 108  Indiana State           =  76.61   19   8   72.90( 138)    0   2  |    0   3  |   76.45  109 |   75.72  119 |   80.17   69
 109  Butler                  =  76.59   11  16   79.52(  18)    0   5  |    0   9  |   76.78  104 |   76.58  105 |   75.31  128
 110  Delaware                =  76.51   21   9   71.36( 182)    0   2  |    0   2  |   75.84  112 |   75.76  118 |   79.86   73
College Basketball 2013-2014    Div I games only   through games of 2014 February 28 Friday                                         
                                RATING    W   L  SCHEDL(RANK) VS top 25 | VS top 50 | GOLDEN_MEAN  | PREDICTOR    | PURE_ELO   
                HOME ADVANTAGE=[  3.34]                                               [  3.13]       [  3.21]       [  4.12]
 111  Eastern Michigan        =  76.43   13  12   74.38( 113)    0   3  |    0   4  |   75.33  120 |   76.50  106 |   76.05  117
 112  Wake Forest             =  76.33   15  13   77.78(  49)    1   6  |    1   9  |   75.49  119 |   75.97  115 |   77.72   96
 113  Princeton               =  76.26   15   8   71.22( 189)    0   0  |    0   2  |   76.51  108 |   76.16  113 |   75.30  129
 114  La Salle                =  76.22   13  14   77.19(  62)    0   1  |    1   5  |   75.57  118 |   76.17  112 |   75.87  119
 115  Fresno State            =  76.18   13  14   76.48(  76)    0   3  |    0   5  |   75.60  114 |   76.24  108 |   75.32  127
 116  Utah State              =  76.11   14  13   75.00( 101)    0   2  |    0   5  |   77.13  101 |   76.07  114 |   74.27  146
 117  Columbia                =  75.90   17  10   70.57( 208)    0   1  |    0   3  |   75.71  113 |   76.20  109 |   73.66  151
 118  Boston U.               =  75.73   21   9   70.28( 216)    0   1  |    0   3  |   76.05  111 |   74.59  133 |   80.13   71
 119  Hawai'i                 =  75.66   17   9   70.47( 212)    0   0  |    0   0  |   75.58  117 |   75.95  116 |   73.35  157
 120  Texas A&M               =  75.49   16  12   74.19( 115)    0   2  |    3   4  |   75.59  116 |   75.08  124 |   76.08  116
College Basketball 2013-2014    Div I games only   through games of 2014 February 28 Friday                                         
                                RATING    W   L  SCHEDL(RANK) VS top 25 | VS top 50 | GOLDEN_MEAN  | PREDICTOR    | PURE_ELO   
                HOME ADVANTAGE=[  3.34]                                               [  3.13]       [  3.21]       [  4.12]
 121  Northwestern            =  75.41   12  16   79.88(  10)    1   8  |    2  10  |   74.61  129 |   75.79  117 |   73.36  156
 122  Belmont                 =  75.41   21   8   70.76( 200)    1   1  |    1   2  |   74.38  135 |   74.62  132 |   79.33   80
 123  Canisius                =  75.38   20   9   71.31( 186)    0   0  |    0   0  |   74.74  125 |   74.90  129 |   77.09   99
 124  Long Beach State        =  75.34   11  14   76.91(  67)    0   3  |    0   6  |   74.58  130 |   75.42  120 |   74.59  138
 125  San Diego               =  75.31   14  14   74.70( 107)    1   2  |    1   4  |   74.69  128 |   74.98  126 |   76.28  113
 126  Louisiana-Lafayette     =  75.10   15  10   71.01( 194)    0   1  |    1   3  |   74.91  121 |   75.26  121 |   73.46  155
 127  Denver                  =  75.05   14  13   73.17( 129)    0   0  |    0   2  |   74.73  127 |   74.90  128 |   74.84  133
 128  American U.             =  75.04   17  11   69.86( 231)    0   1  |    0   1  |   74.20  137 |   74.95  127 |   75.15  130
 129  Towson                  =  74.94   20   9   69.64( 236)    0   2  |    0   2  |   73.34  148 |   74.16  137 |   79.49   77
 130  Georgia Tech            =  74.93   13  15   77.60(  54)    0   5  |    0   6  |   73.92  139 |   75.09  123 |   73.98  148
College Basketball 2013-2014    Div I games only   through games of 2014 February 28 Friday                                         
                                RATING    W   L  SCHEDL(RANK) VS top 25 | VS top 50 | GOLDEN_MEAN  | PREDICTOR    | PURE_ELO   
                HOME ADVANTAGE=[  3.34]                                               [  3.13]       [  3.21]       [  4.12]
 131  Colorado State          =  74.90   13  14   74.57( 109)    0   3  |    0   6  |   74.52  132 |   75.15  122 |   73.00  159
 132  Western Michigan        =  74.86   18   8   71.56( 175)    0   0  |    0   0  |   74.12  138 |   73.99  140 |   78.79   85
 133  Quinnipiac              =  74.84   19   9   70.60( 207)    0   0  |    0   0  |   73.85  142 |   74.48  135 |   76.33  112
 134  Drexel                  =  74.74   16  12   72.69( 147)    0   2  |    0   2  |   74.49  133 |   74.55  134 |   74.71  137
 135  Arkansas State          =  74.68   15   9   69.61( 238)    0   0  |    0   1  |   73.88  140 |   74.65  131 |   74.41  141
 136  South Carolina          =  74.62   10  18   77.34(  60)    0   2  |    0   5  |   74.89  122 |   75.00  125 |   71.51  178
 137  Davidson                =  74.50   17  11   68.35( 276)    0   4  |    0   5  |   74.74  126 |   73.95  142 |   75.65  124
 138  Pacific                 =  74.49   13  14   76.37(  78)    0   2  |    1   4  |   74.77  124 |   73.96  141 |   75.49  126
 139  South Dakota State      =  74.47   14  11   72.56( 152)    0   0  |    0   2  |   73.62  144 |   73.91  143 |   76.78  106
 140  George Mason            =  74.41   10  17   77.13(  63)    0   1  |    1   7  |   74.57  131 |   74.69  130 |   71.87  173
College Basketball 2013-2014    Div I games only   through games of 2014 February 28 Friday                                         
                                RATING    W   L  SCHEDL(RANK) VS top 25 | VS top 50 | GOLDEN_MEAN  | PREDICTOR    | PURE_ELO   
                HOME ADVANTAGE=[  3.34]                                               [  3.13]       [  3.21]       [  4.12]
 141  Pepperdine              =  74.39   14  14   75.58(  92)    0   2  |    1   3  |   74.31  136 |   73.68  146 |   76.71  107
 142  Nevada                  =  74.11   13  15   74.73( 106)    0   2  |    0   3  |   73.34  149 |   74.39  136 |   72.46  163
 143  Missouri State          =  74.09   18  10   72.15( 164)    0   3  |    0   3  |   74.44  134 |   73.19  153 |   76.86  104
 144  Houston                 =  74.01   14  14   75.03( 100)    1   5  |    2   9  |   74.83  123 |   73.49  147 |   74.42  140
 145  Akron                   =  73.95   17  11   72.82( 144)    0   1  |    0   1  |   73.87  141 |   73.39  150 |   75.49  125
 146  Rhode Island            =  73.83   11  17   77.12(  64)    0   1  |    0   7  |   73.69  143 |   74.16  138 |   71.34  182
 147  Valparaiso              =  73.79   14  13   72.48( 156)    0   0  |    0   1  |   73.40  146 |   73.86  145 |   72.68  162
 148  DePaul                  =  73.79   11  18   79.60(  14)    0   5  |    1   9  |   73.29  151 |   73.37  151 |   75.04  131
 149  Illinois State          =  73.58   15  13   73.89( 118)    0   2  |    0   3  |   72.56  159 |   73.28  152 |   74.81  135
 150  Holy Cross              =  73.45   18  11   69.64( 237)    0   2  |    0   3  |   73.51  145 |   73.12  154 |   73.73  150
College Basketball 2013-2014    Div I games only   through games of 2014 February 28 Friday                                         
                                RATING    W   L  SCHEDL(RANK) VS top 25 | VS top 50 | GOLDEN_MEAN  | PREDICTOR    | PURE_ELO   
                HOME ADVANTAGE=[  3.34]                                               [  3.13]       [  3.21]       [  4.12]
 151  Wright State            =  73.36   15  13   70.73( 201)    0   0  |    0   0  |   72.97  158 |   73.46  148 |   72.09  169
 152  UAB                     =  73.29   16  10   70.63( 206)    1   0  |    1   1  |   73.11  155 |   73.01  155 |   73.58  153
 153  Temple                  =  73.23    7  20   78.93(  25)    0   7  |    1  11  |   73.11  154 |   73.90  144 |   69.09  222
 154  Fort Wayne(IPFW)        =  73.20   18   9   69.59( 240)    0   0  |    0   0  |   73.05  156 |   72.43  160 |   75.82  120
 155  Southern California     =  73.15    9  18   80.20(   7)    0   4  |    1  12  |   73.19  153 |   73.46  149 |   70.55  194
 156  Eastern Kentucky        =  73.11   18   9   67.18( 314)    0   1  |    0   2  |   72.06  165 |   72.81  157 |   74.33  144
 157  Boston College          =  73.07    6  21   80.46(   4)    1   6  |    1   9  |   73.32  150 |   74.00  139 |   67.19  257
 158  Stony Brook-NY          =  72.85   19   9   66.35( 335)    0   0  |    0   1  |   73.22  152 |   72.34  162 |   73.66  152
 159  Omaha(Neb.-Omaha)       =  72.79   13  13   71.57( 174)    0   1  |    0   2  |   73.37  147 |   72.91  156 |   70.53  196
 160  Duquesne                =  72.54   12  15   73.39( 125)    0   1  |    1   4  |   72.36  160 |   72.64  158 |   71.10  189
College Basketball 2013-2014    Div I games only   through games of 2014 February 28 Friday                                         
                                RATING    W   L  SCHEDL(RANK) VS top 25 | VS top 50 | GOLDEN_MEAN  | PREDICTOR    | PURE_ELO   
                HOME ADVANTAGE=[  3.34]                                               [  3.13]       [  3.21]       [  4.12]
 161  Morehead State          =  72.51   17  11   69.23( 253)    0   1  |    0   3  |   71.78  169 |   71.74  168 |   75.70  123
 162  Western Kentucky        =  72.40   18   9   70.15( 222)    0   2  |    0   2  |   71.95  166 |   71.41  174 |   76.38  110
 163  Weber State             =  72.25   14   9   67.98( 287)    0   1  |    0   2  |   71.49  173 |   72.37  161 |   71.24  184
 164  Southern U.             =  72.16   14  11   66.47( 332)    0   2  |    0   4  |   73.02  157 |   71.25  176 |   74.34  143
 165  Robert Morris           =  72.15   19  11   69.88( 229)    0   2  |    0   2  |   71.27  177 |   71.19  177 |   76.40  109
 166  Bucknell                =  72.14   15  13   70.48( 211)    0   0  |    0   2  |   72.08  164 |   72.06  164 |   71.40  180
 167  Murray State            =  72.14   16   9   68.22( 280)    0   0  |    0   0  |   70.57  190 |   71.73  169 |   74.38  142
 168  Brown                   =  72.13   14  10   68.61( 269)    0   0  |    0   1  |   71.05  179 |   72.55  159 |   70.08  201
 169  Yale                    =  72.00   13  11   72.40( 158)    0   1  |    1   2  |   71.68  170 |   71.88  167 |   71.72  177
 170  Southern Illinois       =  71.92   11  18   72.86( 139)    0   2  |    0   3  |   71.37  175 |   71.93  166 |   71.23  186
College Basketball 2013-2014    Div I games only   through games of 2014 February 28 Friday                                         
                                RATING    W   L  SCHEDL(RANK) VS top 25 | VS top 50 | GOLDEN_MEAN  | PREDICTOR    | PURE_ELO   
                HOME ADVANTAGE=[  3.34]                                               [  3.13]       [  3.21]       [  4.12]
 171  Youngstown State        =  71.75   12  15   72.23( 163)    0   1  |    0   3  |   72.19  162 |   71.55  171 |   71.04  190
 172  Santa Clara             =  71.70   10  18   75.21(  98)    0   2  |    0   4  |   70.94  182 |   71.99  165 |   69.88  204
 173  Virginia Tech           =  71.69    9  18   76.65(  71)    0   6  |    0   8  |   72.26  161 |   72.15  163 |   67.65  249
 174  Loyola Marymount        =  71.66   11  17   76.37(  77)    0   3  |    1   4  |   70.82  184 |   71.55  172 |   71.83  174
 175  William & Mary          =  71.59   17  10   70.19( 218)    0   1  |    0   1  |   72.15  163 |   70.57  187 |   74.59  139
 176  Drake                   =  71.57   13  15   73.28( 127)    0   3  |    0   3  |   71.41  174 |   71.31  175 |   71.74  176
 177  Washington State        =  71.37    8  19   79.27(  21)    0   2  |    1  10  |   70.93  183 |   71.03  178 |   72.15  168
 178  Central Florida(UCF)    =  71.36    9  15   76.29(  81)    0   6  |    0  10  |   70.53  191 |   71.68  170 |   69.50  214
 179  USC Upstate             =  71.33   16  13   67.81( 292)    0   1  |    0   2  |   71.95  167 |   70.93  179 |   71.41  179
 180  Oral Roberts            =  71.28   13  13   68.25( 278)    0   2  |    0   5  |   71.34  176 |   71.52  173 |   68.85  230
College Basketball 2013-2014    Div I games only   through games of 2014 February 28 Friday                                         
                                RATING    W   L  SCHEDL(RANK) VS top 25 | VS top 50 | GOLDEN_MEAN  | PREDICTOR    | PURE_ELO   
                HOME ADVANTAGE=[  3.34]                                               [  3.13]       [  3.21]       [  4.12]
 181  Mississippi State       =  70.99   13  15   74.09( 116)    0   3  |    0   5  |   71.62  171 |   70.38  191 |   72.00  170
 182  Kent State              =  70.93   14  13   70.93( 197)    0   0  |    0   0  |   70.26  192 |   70.72  184 |   71.40  181
 183  Siena                   =  70.92   14  16   72.54( 153)    0   0  |    0   1  |   70.64  188 |   70.75  183 |   70.80  193
 184  Wagner                  =  70.86   16  11   67.54( 302)    0   0  |    0   1  |   70.59  189 |   70.25  193 |   72.76  161
 185  Oakland-Mich.           =  70.79    9  19   75.63(  90)    0   4  |    0   4  |   69.99  197 |   70.93  180 |   69.77  208
 186  Milwaukee               =  70.74   16  13   71.85( 168)    0   1  |    0   1  |   70.96  181 |   69.83  197 |   73.50  154
 187  Elon                    =  70.73   16  11   68.89( 261)    0   1  |    0   3  |   70.65  187 |   70.03  195 |   72.82  160
 188  Rutgers                 =  70.73    9  18   75.13(  99)    0   4  |    0   9  |   70.78  185 |   70.81  181 |   69.04  225
 189  Florida Gulf Coast      =  70.69   17  11   66.85( 323)    0   0  |    0   0  |   70.99  180 |   70.09  194 |   71.97  171
 190  TCU                     =  70.66    8  18   80.32(   5)    0   6  |    0  14  |   69.99  195 |   70.27  192 |   71.93  172
College Basketball 2013-2014    Div I games only   through games of 2014 February 28 Friday                                         
                                RATING    W   L  SCHEDL(RANK) VS top 25 | VS top 50 | GOLDEN_MEAN  | PREDICTOR    | PURE_ELO   
                HOME ADVANTAGE=[  3.34]                                               [  3.13]       [  3.21]       [  4.12]
 191  Wofford                 =  70.62   14  11   67.94( 289)    0   0  |    0   3  |   71.80  168 |   69.74  198 |   72.26  166
 192  Detroit                 =  70.61   11  17   72.92( 136)    0   1  |    0   1  |   71.55  172 |   70.66  185 |   68.23  237
 193  Bowling Green           =  70.47   11  16   72.50( 155)    0   1  |    0   3  |   71.24  178 |   70.47  190 |   68.45  235
 194  South Florida           =  70.42   12  16   75.54(  93)    0   7  |    1  10  |   69.91  199 |   69.87  196 |   72.27  165
 195  Old Dominion            =  70.40   14  15   72.23( 162)    0   0  |    0   3  |   69.98  198 |   69.66  200 |   73.01  158
 196  Charlotte               =  70.37   14  13   70.50( 210)    1   0  |    2   2  |   69.47  203 |   70.56  188 |   69.16  220
 197  College of Charleston   =  70.18   13  16   70.05( 227)    0   2  |    0   3  |   69.16  213 |   70.58  186 |   68.01  242
 198  Colgate                 =  70.07   10  17   69.79( 234)    0   1  |    0   1  |   70.66  186 |   70.78  182 |   64.16  288
 199  Cal Poly-SLO            =  70.02    8  17   73.77( 120)    0   2  |    0   4  |   69.40  207 |   70.49  189 |   67.05  258
 200  Sam Houston State       =  69.99   17   8   65.96( 345)    0   0  |    0   1  |   68.11  224 |   68.53  216 |   77.23   98
College Basketball 2013-2014    Div I games only   through games of 2014 February 28 Friday                                         
                                RATING    W   L  SCHEDL(RANK) VS top 25 | VS top 50 | GOLDEN_MEAN  | PREDICTOR    | PURE_ELO   
                HOME ADVANTAGE=[  3.34]                                               [  3.13]       [  3.21]       [  4.12]
 201  Northwestern State      =  69.95   11  13   70.08( 225)    0   0  |    0   3  |   69.18  212 |   69.57  202 |   71.27  183
 202  Montana                 =  69.89   12  11   69.34( 247)    0   0  |    0   1  |   69.43  205 |   69.71  199 |   69.97  203
 203  Utah Valley             =  69.85   15  10   69.73( 235)    0   1  |    0   2  |   70.07  193 |   68.41  220 |   74.86  132
 204  North Texas             =  69.71   13  13   70.95( 196)    0   0  |    0   3  |   70.03  194 |   69.06  208 |   71.14  188
 205  Northern Colorado       =  69.64   14  10   67.65( 300)    0   0  |    1   0  |   69.36  209 |   69.60  201 |   68.97  226
 206  Bryant                  =  69.61   16  13   68.93( 259)    0   2  |    0   3  |   68.34  222 |   69.15  207 |   71.74  175
 207  East Carolina           =  69.59   12  13   69.59( 241)    0   1  |    1   1  |   69.19  211 |   69.34  204 |   70.00  202
 208  St. Francis-NY          =  69.58   16  13   68.44( 274)    0   1  |    0   1  |   68.45  221 |   69.20  206 |   71.23  185
 209  Northern Illinois       =  69.46   12  14   71.32( 185)    0   1  |    0   2  |   68.58  218 |   69.01  209 |   71.14  187
 210  Bradley                 =  69.45   12  18   71.77( 169)    0   2  |    0   3  |   68.22  223 |   69.27  205 |   70.31  197
 211  Fordham                 =  69.32    9  17   76.19(  82)    0   1  |    0   8  |   69.99  196 |   68.93  210 |   69.25  218
 212  Miami-Ohio              =  69.27   11  14   72.80( 145)    0   0  |    0   3  |   69.21  210 |   68.33  224 |   72.33  164
 213  Hampton                 =  69.17   16  11   65.75( 347)    0   1  |    0   1  |   69.45  204 |   68.45  219 |   70.97  192
 214  Rider                   =  69.11   13  15   70.44( 213)    0   1  |    0   1  |   68.56  219 |   68.81  211 |   69.86  205
 215  Northeastern            =  69.10    9  20   72.86( 140)    0   0  |    0   3  |   69.80  201 |   69.39  203 |   65.50  269
 216  Evansville              =  69.09   10  18   73.54( 123)    0   2  |    0   3  |   69.54  202 |   68.61  213 |   69.70  211
 217  Texas-Arlington         =  68.97   10  15   72.94( 134)    0   1  |    0   3  |   69.13  214 |   68.63  212 |   69.18  219
 218  Morgan State            =  68.79   11  14   69.87( 230)    0   1  |    0   2  |   68.72  216 |   68.49  217 |   69.06  224
 219  Army                    =  68.76   12  15   69.32( 249)    0   0  |    0   0  |   69.90  200 |   68.13  227 |   69.36  217
 220  Air Force               =  68.58    9  15   73.11( 130)    0   2  |    0   3  |   69.38  208 |   68.39  221 |   67.48  253
 221  CS Bakersfield          =  68.57   11  16   68.52( 272)    0   0  |    0   0  |   68.65  217 |   68.55  214 |   67.38  254
 222  Louisiana-Monroe        =  68.53    8  14   73.30( 126)    0   2  |    0   3  |   68.53  220 |   68.15  226 |   69.14  221
 223  South Dakota            =  68.53    9  16   73.45( 124)    0   0  |    0   1  |   69.40  206 |   67.80  230 |   69.76  209
 224  Albany-NY               =  68.49   15  13   67.42( 309)    0   1  |    0   1  |   67.41  235 |   68.37  223 |   68.93  227
 225  Eastern Washington      =  68.41   12  14   69.33( 248)    0   1  |    0   1  |   67.62  232 |   68.37  222 |   68.18  238
 226  Marshall                =  68.21    7  20   72.35( 160)    0   0  |    0   1  |   69.05  215 |   68.53  215 |   64.17  287
 227  Ark.-Little Rock        =  68.10   11  15   73.05( 132)    0   1  |    0   3  |   67.88  226 |   67.32  240 |   70.53  195
 228  Saint Peter's           =  68.03   12  16   70.70( 204)    0   0  |    0   0  |   67.01  243 |   67.79  231 |   68.90  229
 229  Seattle                 =  68.02   10  14   69.28( 252)    0   0  |    0   0  |   67.09  242 |   68.19  225 |   66.86  260
 230  Lehigh                  =  67.91   14  16   70.13( 224)    0   1  |    0   2  |   67.56  233 |   67.55  234 |   68.73  232
College Basketball 2013-2014    Div I games only   through games of 2014 February 28 Friday                                         
                                RATING    W   L  SCHEDL(RANK) VS top 25 | VS top 50 | GOLDEN_MEAN  | PREDICTOR    | PURE_ELO   
                HOME ADVANTAGE=[  3.34]                                               [  3.13]       [  3.21]       [  4.12]
 231  Grand Canyon            =  67.82   10  13   69.97( 228)    0   0  |    0   2  |   66.66  251 |   67.38  238 |   69.73  210
 232  Charleston Southern     =  67.78    8  16   67.67( 297)    0   0  |    0   3  |   67.65  230 |   68.48  218 |   62.35  313
 233  North Dakota            =  67.70   11  14   70.17( 220)    0   1  |    0   2  |   66.54  255 |   67.49  236 |   68.60  234
 234  CS Northridge           =  67.68   12  16   70.13( 223)    0   0  |    0   0  |   66.80  247 |   67.75  232 |   67.02  259
 235  Marist                  =  67.65   11  18   71.95( 167)    0   0  |    0   0  |   67.26  238 |   67.37  239 |   68.12  240
 236  SE Missouri State(SEMO) =  67.64   14  13   66.00( 343)    0   0  |    0   2  |   66.56  254 |   67.11  245 |   69.78  207
 237  Western Carolina        =  67.64   14  13   67.44( 307)    0   0  |    0   1  |   67.40  237 |   67.14  244 |   68.92  228
 238  Mount St. Mary's        =  67.54   12  16   68.88( 262)    0   2  |    0   3  |   66.89  246 |   66.82  250 |   70.11  199
 239  Florida Atlantic        =  67.53    8  19   72.03( 166)    0   1  |    1   2  |   66.93  245 |   67.82  229 |   65.42  271
 240  Gardner-Webb            =  67.46   14  13   66.22( 339)    0   1  |    0   2  |   67.41  236 |   67.26  241 |   67.29  256
College Basketball 2013-2014    Div I games only   through games of 2014 February 28 Friday                                         
                                RATING    W   L  SCHEDL(RANK) VS top 25 | VS top 50 | GOLDEN_MEAN  | PREDICTOR    | PURE_ELO   
                HOME ADVANTAGE=[  3.34]                                               [  3.13]       [  3.21]       [  4.12]
 241  Texas A&M-CorpusChristi =  67.42   13  13   66.33( 336)    0   1  |    0   3  |   65.81  266 |   66.83  249 |   70.27  198
 242  Coastal Carolina        =  67.40   14  12   66.10( 342)    0   0  |    0   1  |   67.79  227 |   66.75  252 |   68.70  233
 243  South Alabama           =  67.36    6  19   72.82( 143)    0   1  |    0   3  |   67.14  241 |   67.95  228 |   62.88  305
 244  Winthrop                =  67.36   13  12   67.46( 306)    0   0  |    0   1  |   67.91  225 |   66.81  251 |   68.16  239
 245  Loyola-Chicago          =  67.33    8  20   71.54( 177)    0   2  |    0   2  |   66.77  249 |   67.43  237 |   66.22  262
 246  Norfolk State           =  67.32   13  11   66.27( 338)    0   1  |    0   1  |   67.25  239 |   67.08  247 |   67.29  255
 247  East Tennessee State    =  67.31   16  14   67.02( 319)    0   0  |    0   0  |   67.62  231 |   66.59  255 |   69.07  223
 248  Lafayette               =  67.25    9  18   70.55( 209)    0   1  |    0   1  |   67.67  229 |   67.49  235 |   64.18  286
 249  CS Fullerton            =  67.25   10  17   71.26( 188)    0   0  |    0   0  |   65.96  261 |   67.62  233 |   65.42  272
 250  Idaho                   =  67.24   11  16   69.44( 245)    0   0  |    0   1  |   66.77  248 |   66.95  248 |   67.84  245
College Basketball 2013-2014    Div I games only   through games of 2014 February 28 Friday                                         
                                RATING    W   L  SCHEDL(RANK) VS top 25 | VS top 50 | GOLDEN_MEAN  | PREDICTOR    | PURE_ELO   
                HOME ADVANTAGE=[  3.34]                                               [  3.13]       [  3.21]       [  4.12]
 251  Western Illinois        =  67.10    6  19   72.47( 157)    0   0  |    0   0  |   66.95  244 |   67.10  246 |   66.05  264
 252  Hartford                =  67.08   15  15   67.77( 294)    0   1  |    0   1  |   67.52  234 |   66.60  254 |   67.68  248
 253  James Madison           =  67.02   11  18   71.33( 184)    0   1  |    0   1  |   67.15  240 |   66.16  262 |   69.43  216
 254  Dartmouth               =  66.87    7  16   70.34( 214)    0   0  |    0   3  |   67.78  228 |   67.25  242 |   61.98  317
 255  Incarnate Word          =  66.76    7   6   64.75( 348)    0   0  |    0   0  |   65.79  267 |   66.32  260 |   68.41  236
 256  VMI                     =  66.75   13  11   67.16( 316)    0   0  |    0   0  |   65.82  265 |   65.87  266 |   70.09  200
 257  Idaho State             =  66.62    8  16   68.68( 267)    0   0  |    0   2  |   65.86  263 |   67.21  243 |   62.80  309
 258  NC Asheville            =  66.59   12  14   68.47( 273)    0   2  |    0   2  |   65.36  272 |   66.39  257 |   67.50  252
 259  Tulane                  =  66.54   15  13   69.56( 243)    0   0  |    0   2  |   66.60  253 |   64.75  279 |   72.22  167
 260  Monmouth-NJ             =  66.49   11  19   70.15( 221)    0   0  |    0   1  |   65.84  264 |   66.68  253 |   64.96  276