  1    0  4  3  2  3  3  3  3  2  3  3  4  3  2  3  2  3  3  3  4  3  3  3  3  3  3  2  2  3  3  3  3
  1    1  4  3  4  3  4  3  2  3  3  3  4  1  3  2  3  4  3  3  3  2  3  1  4  3  4  1  1  4  2  2  2
  1    2  2  3  4  2  3  2  4  2  2  2  2  2  2  3  1  3  3  3  3  3  3  3  3  3  4  1  1  2  1  1  1
  1    3  3  4  4  3  4  2  4  2  3  3  3  3  3  1  3  3  4  3  4  2  4  2  3  3  4  1  1  2  2  2  1
  1    4  3  3  4  2  4  3  3  2  3  3  3  2  2  3  3  2  3  3  3  3  3  3  3  3  3  3  3  3  3  3  3
  1    5  3  3  3  3  3  3  3  3  3  3  3  3  3  3  3  3  3  3  3  3  2  3  3  3  3  3  3  3  3  3  3
  1    6  1  4  3  2  4  3  2  4  2  2  1  1  1  2  2  2  3  4  2  2  3  3  3  3  3  3  3  3  3  3  3
  1    7  3  2  4  2  4  3  4  2  3  2  2  2  3  3  4  3  3  3  3  3  3  3  3  3  3  3  2  2  3  3  2
  1    8  3  3  3  3  3  2  4  3  2  3  3  3  3  3  3  4  2  3  3  2  3  3  4  4  4  2  2  2  2  2  2
  1    9  4  3  3  3  3  4  3  4  4  4  4  3  4  3  4  4  2  2  4  2  3  3  3  3  3  2  1  1  1  1  1
  1   10  4  5  4  3  3  4  5  4  3  3  2  4  4  4  4  4  3  4  4  3  2  2  3  3  4  4  4  4  4  4  3
  1   11  4  4  4  4  4  4  4  4  4  4  4  4  4  4  4  4  2  4  4  2  2  2  3  3  3  1  2  4  1  2  1
  1   12  2  3  4  3  3  2  2  2  3  3  2  2  3  3  3  3  3  2  3  2  3  2  3  3  2  1  1  3  3  1  1
  1   13  3  3  4  2  4  2  2  3  2  2  2  2  3  3  4  3  3  4  3  3  4  1  3  3  3  2  2  2  2  1  2
  1   14  3  4  4  4  4  3  4  4  3  3  3  2  3  3  3  3  3  4  3  3  4  3  4  3  4  3  4  3  3  3  3
  1   15  3  4  4  3  4  3  4  4  3  3  2  1  1  4  3  4  3  3  4  3  2  3  3  3  4  2  3  2  2  4  4
  1   17  4  4  4  4  4  4  3  4  3  3  3  3  3  3  3  3  3  3  3  2  3  3  4  4  3  1  1  1  2  2  2
  1   18  2  4  5  3  4  3  4  3  3  3  2  2  3  4  3  3  3  3  4  3  3  3  3  3  3  3  3  4  2  3  3
  1   20  2  3  2  2  4  3  4  3  2  1  2  2  1  3  4  4  3  4  3  2  2  3  4  3  4  2  2  4  3  3  2
  1   21  4  3  5  4  4  4  4  4  3  3  2  4  3  3  3  3  2  2  3  2  3  3  3  3  4  2  2  3  2  2  2
  1   22  3  4  4  3  4  4  3  3  3  3  3  3  3  3  2  2  3  3  4  2  3  3  3  3  3  3  3  3  3  3  3
  1   23  4  4  4  3  3  4  3  3  2  2  3  3  3  4  3  3  2  3  3  3  3  3  3  3  3  3  3  3  3  3  3
  1   24  4  4  4  5  5  3  4  3  5  4  4  4  3  5  4  4  2  3  4  1  3  3  3  3  4  1  2  2  2  2  2
  1   25  3  3  4  4  4  4  3  3  3  3  4  2  3  4  3  4  3  3  3  3  2  4  3  3  3  2  2  3  2  4  3
  1   26  4  3  3  2  4  3  4  3  2  2  3  2  2  4  4  3  2  3  3  2  3  3  3  3  4  1  1  1  1  1  1
  1   27  4  4  3  3  4  3  5  4  4  3  4  4  3  3  4  4  3  3  4  2  3  3  3  3  4  2  3  4  3  3  2
  1   28  3  2  4  3  4  3  4  3  4  4  4  3  3  2  3  2  4  3  2  3  2  3  3  3  3  3  3  3  3  3  3
  1   29  2  3  3  3  2  3  3  4  2  2  3  3  3  1  1  1  4  4  2  4  3  3  3  3  3  1  3  4  2  2  3
  1   30  2  4  5  2  4  4  2  4  2  2  2  2  2  2  4  3  2  2  3  3  4  4  3  3  4  2  3  3  4  4  3
  1   31  3  3  4  2  4  4  4  4  3  3  3  3  3  4  4  4  2  2  4  2  3  2  4  3  3  2  2  2  2  3  2
  1   32  3  3  4  3  3  2  4  3  3  3  3  2  3  3  3  3  2  2  3  2  3  3  3  4  3  1  1  3  2  1  1
  1   33  2  2  1  1  3  3  3  1  1  1  2  1  1  2  2  2  2  2  1  1  1  2  4  1  1  4  2  3  3  3  3
  1   34  3  4  5  4  4  4  4  4  4  4  4  3  4  4  4  4  3  3  4  2  3  3  2  3  3  2  3  3  1  1  1
  1   35  3  3  4  3  3  3  3  4  3  4  4  3  4  4  4  4  4  4  3  3  3  3  4  4  3  4  3  3  3  2  2
  1   36  3  4  4  2  4  2  3  2  2  2  2  2  2  3  2  2  4  4  2  4  3  5  4  4  4  1  1  1  1  1  1
  1   37  4  4  5  4  4  4  4  4  4  4  4  4  5  4  4  4  2  2  4  2  1  3  4  4  4  2  1  2  2  1  1
  1   38  5  4  5  4  5  4  4  4  4  4  5  4  5  4  4  4  2  3  4  2  4  4  4  4  4  1  2  1  1  2  1
  1   39  5  4  5  4  5  4  4  4  4  4  5  4  5  4  4  4  2  3  4  2  4  4  4  4  4  1  2  1  1  2  1
  1   41  4  4  4  3  2  4  3  3  3  3  3  3  3  3  4  4  3  3  5  2  4  4  4  3  4  2  2  4  3  2  4
  1   42  4  4  3  4  4  1  5  4  4  3  3  2  3  1  4  3  5  4  4  2  3  3  2  3  3  1  3  2  1  2  3
  1   43  3  4  4  2  4  4  4  4  3  2  2  2  3  3  4  3  3  3  3  3  3  3  3  3  3  3  3  3  3  3  3
  1   44  1  3  4  5  1  3  1  2  3  1  4  1  2  4  5  5  1  4  2  1  4  2  5  4  5  3  2  1  5  4  1
  1   45  2  4  4  1  4  2  4  3  1  2  1  1  2  2  2  2  2  2  1  2  2  1  4  3  1  4  3  2  1  2  4
  1   46  4  4  4  4  4  5  4  4  4  4  4  4  4  4  4  4  2  2  5  2  3  4  4  4  4  1  1  2  1  2  1
  1   47  3  3  4  3  3  3  3  4  3  3  3  3  3  4  4  4  3  4  4  3  3  3  3  3  3  2  3  4  3  3  3
  1   49  3  4  3  3  4  2  4  3  3  3  3  2  2  3  3  3  3  4  4  3  3  4  3  3  3  3  3  4  3  3  3
  1   51  4  4  3  3  4  4  4  5  4  3  4  3  3  3  2  4  2  3  4  2  3  3  4  3  4  2  2  2  1  2  1
  1   52  3  4  4  4  4  5  4  5  3  3  3  3  3  3  3  4  2  3  4  2  4  3  4  4  4  4  3  3  3  1  1
  1   53  4  3  3  4  2  2  2  4  3  4  4  3  3  4  2  4  4  3  4  2  3  2  3  4  4  3  3  4  2  2  2
  1   54  4  4  4  4  4  4  3  4  4  4  4  3  4  4  4  4  2  2  4  1  3  2  4  4  4  2  2  2  2  2  1
  1   55  4  4  4  3  3  4  4  2  3  2  3  2  2  2  3  4  2  2  4  2  1  4  4  4  4  1  3  2  1  2  3
  1   56  4  4  4  4  4  3  5  2  3  3  3  2  3  3  3  3  3  4  4  3  3  3  3  2  3  4  4  4  4  4  4
  1   57  4  3  4  3  4  4  3  3  3  3  3  3  3  3  2  4  3  3  4  2  2  3  3  3  3  3  3  3  3  3  3
  1   58  4  4  4  4  5  5  3  5  4  4  4  4  4  4  4  4  2  3  4  2  3  3  4  4  4  2  2  2  3  2  2
  1   60  4  3  3  4  4  4  4  4  4  4  3  2  2  4  3  3  2  3  4  2  3  3  4  4  4  2  2  2  3  2  2
  1   61  3  4  5  2  3  4  5  3  2  2  2  3  3  3  3  2  3  3  3  3  3  4  4  4  4  2  2  2  2  2  2
  1   62  2  2  2  3  1  1  1  3  3  3  3  3  4  3  3  4  3  3  4  3  3  3  3  2  3  3  3  3  2  2  3
  1   63  4  3  5  4  4  4  4  4  4  4  4  3  3  3  2  3  4  3  3  3  3  3  4  4  4  1  1  3  2  2  1
  1   64  1  4  4  2  5  4  4  4  2  1  2  1  1  1  2  1  5  5  3  3  1  3  3  3  4  1  2  4  1  1  1
  1   65  2  5  4  2  4  4  4  4  4  3  3  2  2  5  5  5  2  3  4  2  3  3  3  3  3  3  3  3  3  3  3
  1   66  4  4  4  3  4  4  3  4  3  3  2  4  3  3  4  4  3  3  3  2  4  3  4  4  3  2  2  2  2  2  2
  1   67  3  3  4  3  4  4  3  4  4  4  3  3  3  4  4  4  2  3  4  2  3  3  3  3  4  2  2  2  2  3  3
  1   68  4  4  3  3  5  4  3  2  3  2  3  4  3  3  4  3  2  4  4  4  2  3  2  2  4  3  2  2  2  3  2
  1   69  4  3  3  4  4  4  3  4  5  4  4  3  4  2  3  3  3  3  3  3  4  4  4  4  3  2  3  3  3  3  2
  1   70  1  5  3  2  2  4  1  3  1  1  1  3  1  3  4  3  2  2  3  3  2  2  1  1  2  2  1  1  2  2  1
  1   71  3  2  3  3  2  3  5  5  3  2  3  3  4  3  3  4  3  4  4  3  3  3  2  2  2  2  2  2  2  2  2
  1   72  2  1  3  2  2  2  3  2  2  3  3  3  2  3  2  3  2  2  2  3  2  2  3  2  3  3  2  3  4  2  1
  1   73  3  2  3  2  4  2  4  3  3  2  4  2  3  2  2  2  3  3  3  4  3  2  3  2  3  3  3  4  3  3  2
  1   74  4  5  4  4  4  4  3  4  5  4  5  5  5  3  4  3  4  4  3  3  3  3  4  4  3  4  4  3  3  4  4
  1   75  3  3  4  2  4  2  4  3  2  2  2  3  3  2  2  2  4  4  2  3  1  2  2  2  2  1  3  2  3  3  2
  1   76  3  3  4  3  4  4  4  3  3  3  3  3  3  2  3  2  3  3  3  3  3  3  3  3  3  2  2  2  2  2  2
  1   77  4  4  5  3  3  4  3  4  4  5  4  5  5  4  4  4  3  2  4  2  3  3  4  3  4  1  1  2  1  1  1
  1   78  4  4  4  4  3  3  4  3  3  4  3  4  4  4  3  4  2  4  2  3  1  3  3  2  3  2  2  3  1  3  3
  1   79  3  3  4  4  5  3  4  3  3  3  4  2  3  3  4  4  2  3  4  2  3  3  4  4  3  2  1  2  2  2  1
  1   81  4  4  4  4  5  4  5  4  4  4  4  3  3  3  3  4  3  3  3  3  3  3  3  3  4  2  2  3  2  3  2
  1   82  2  4  4  4  5  2  4  2  2  2  2  1  2  1  2  3  5  5  4  5  4  5  4  4  2  2  1  4  1  1  1
  1   83  4  3  4  3  4  3  4  3  3  3  3  3  3  3  2  3  3  3  3  3  3  2  2  3  4  3  2  2  2  4  2
  1   84  2  3  3  3  4  4  4  3  3  3  3  2  3  2  2  2  3  3  3  3  2  3  3  3  3  2  2  3  2  2  2
  1   85  5  5  4  5  5  5  5  5  5  5  5  5  5  5  3  3  3  2  2  1  2  1  5  5  3  2  1  2  2  3  3
  1   86  4  4  5  3  2  2  4  3  3  3  4  4  3  5  3  5  1  3  5  1  3  3  3  4  4  2  3  2  2  2  2
  1   87  4  5  5  3  4  4  3  3  3  2  2  2  2  3  3  3  3  3  4  2  1  3  3  3  3  3  2  3  3  3  3
  1   88  4  3  4  4  5  3  4  4  4  2  2  4  3  3  2  5  4  4  4  4  2  3  2  2  3  3  2  1  4  5  1
  1   89  3  4  5  4  3  4  3  5  4  2  3  3  3  4  3  3  2  2  3  1  3  2  5  2  3  4  3  4  4  2  3
  1   90  3  4  5  3  4  4  3  4  2  3  3  4  4  4  4  4  3  3  4  2  4  3  4  3  4  2  2  2  2  4  1
  1   91  3  2  4  4  4  3  4  3  3  3  3  3  2  3  3  3  4  4  3  3  2  2  2  2  2  4  3  3  4  3  3
  1   92  1  4  4  1  4  4  4  4  1  1  1  1  1  5  3  5  3  1  5  1  1  1  1  1  3  3  3  5  5  1  1
  1   93  1  4  4  1  5  3  2  4  2  3  1  1  2  2  4  5  3  2  5  2  3  4  4  4  3  1  1  4  1  1  1
  1   94  3  3  3  3  4  4  3  4  4  4  4  4  4  3  3  3  3  3  3  2  2  2  3  3  3  3  3  3  3  3  3
  1   95  4  4  5  4  4  4  4  4  4  4  5  4  3  5  3  3  3  3  3  1  3  3  4  4  4  3  3  2  2  2  2
  1   96  3  4  5  4  5  5  4  4  3  4  4  3  4  3  3  2  3  2  3  4  1  3  2  1  3  3  4  4  3  2  1
  1   98  2  2  3  2  3  2  3  2  2  2  2  2  2  2  2  2  3  2  2  3  2  2  2  2  2  2  2  2  2  2  2
  1   99  4  5  5  4  4  4  4  4  4  3  4  4  4  3  3  4  3  4  4  2  2  2  2  2  3  2  2  2  1  1  1
  1  100  2  3  3  4  5  4  5  4  4  3  3  2  3  3  4  3  4  3  3  3  2  4  3  3  4  1  1  4  1  3  1
  1  101  4  4  5  4  5  3  4  3  3  3  4  3  3  2  3  3  2  3  3  2  3  3  3  3  3  3  4  3  2  2  1
  1  102  3  1  3  2  4  1  4  2  1  1  2  1  1  1  1  1  5  5  2  4  3  3  3  3  1  1  1  1  1  1  1
  1  103  4  5  4  2  5  3  4  4  4  2  2  4  3  3  2  5  4  4  3  4  2  3  2  2  3  3  2  1  4  5  1
  1  104  3  4  5  3  5  3  5  3  3  3  3  3  3  3  3  4  2  2  3  2  3  3  3  3  2  1  1  2  2  2  1
  1  105  3  4  2  2  4  2  5  3  2  2  2  1  2  1  2  2  3  3  3  3  2  3  3  3  3  3  3  3  3  3  3
  1  106  4  5  4  4  5  4  5  5  4  4  5  4  3  4  3  4  3  2  4  2  3  1  3  1  4  1  1  1  2  2  1
  1  107  4  3  4  4  5  5  4  4  3  3  3  3  4  5  4  4  1  1  4  1  3  4  4  3  3  1  1  2  1  2  1
  1  108  4  4  5  3  4  4  5  4  3  3  3  4  4  4  3  4  3  3  4  2  2  2  3  3  3  1  1  2  1  2  1
  1  109  4  3  5  4  4  3  4  5  4  3  4  4  4  4  4  4  2  2  4  2  4  4  4  3  4  1  1  2  1  1  1
  1  110  4  2  1  5  4  2  2  3  4  4  4  5  2  2  3  3  3  3  2  3  2  3  3  3  3  2  3  3  2  2  3
  1  111  4  3  4  3  4  3  4  4  4  4  3  3  3  4  4  3  3  3  4  2  3  4  3  3  4  2  2  3  2  2  2
  1  112  3  4  4  3  3  3  4  3  3  2  2  3  2  3  4  3  3  4  4  3  3  3  3  3  4  2  4  3  3  3  2
  1  113  2  1  1  1  1  1  1  1  1  1  1  1  1  3  3  3  3  3  3  3  2  3  3  2  3  3  3  3  3  3  3
  1  114  4  4  4  3  4  4  2  3  4  3  4  4  4  3  3  4  2  3  3  2  2  3  3  3  3  3  3  2  2  2  2
  1  115  4  4  3  4  4  3  4  3  3  3  3  3  4  3  2  4  3  3  3  4  2  2  3  2  3  2  2  3  2  2  2
  1  116  3  3  4  3  4  3  4  3  3  3  4  3  3  3  3  3  3  3  3  2  3  3  3  3  4  1  1  1  1  1  1
  1  117  4  4  3  4  4  4  3  4  3  3  4  4  4  4  3  4  2  2  4  2  3  2  3  3  3  2  2  2  2  1  1
  1  118  3  3  4  4  4  3  4  4  3  2  2  4  2  3  4  3  2  2  4  2  2  2  3  1  3  2  4  4  4  4  4
  1  119  3  3  4  2  4  3  5  4  3  2  3  3  2  2  2  1  4  4  2  2  1  1  2  1  2  4  2  2  2  3  1
  1  120  4  4  4  3  4  4  3  3  2  2  3  3  3  3  3  3  3  3  4  3  3  4  3  3  3  3  3  3  3  3  2
  1  121  4  4  4  3  5  2  4  2  3  3  3  2  3  2  3  4  3  3  3  3  2  3  3  3  4  1  1  2  1  1  1
  1  122  3  3  3  2  3  3  3  3  3  3  2  4  3  3  2  1  3  3  4  3  3  3  3  3  3  2  2  1  3  3  3
  1  123  4  4  3  5  3  4  5  5  5  4  5  4  5  4  3  3  2  4  4  2  3  3  3  3  3  1  1  4  3  3  2
  1  124  2  3  3  3  2  3  4  3  4  3  3  2  3  3  3  4  3  3  4  2  2  3  4  3  4  2  1  4  1  1  1
  1  125  4  4  5  5  4  4  4  4  4  4  4  4  4  4  4  4  2  2  4  2  3  3  4  4  3  2  2  3  2  3  2
  1  126  4  5  5  4  4  4  4  4  4  4  4  3  4  5  4  5  1  4  5  1  3  3  3  3  3  1  3  2  1  1  1
  1  127  4  4  5  4  4  5  4  5  4  3  5  4  4  4  4  4  1  2  4  1  4  3  3  4  4  2  2  2  3  3  3
  1  128  1  4  2  3  4  3  4  4  2  1  1  2  2  2  2  3  2  4  4  3  2  4  4  3  4  1  1  2  1  2  2
  1  129  4  4  4  4  4  4  4  4  4  4  3  3  4  4  2  3  3  4  2  3  3  2  2  2  3  3  3  4  4  4  4
  1  130  3  4  4  3  4  3  3  3  3  3  4  3  4  3  3  3  3  3  3  3  4  5  5  5  5  1  1  3  1  1  1
  1  132  4  4  3  3  5  4  4  4  4  4  3  3  3  5  3  4  2  2  4  2  3  3  4  4  5  1  1  2  1  1  1
  1  133  3  4  4  3  2  3  4  2  3  3  4  1  4  1  2  3  3  2  1  3  3  4  3  3  4  2  2  3  1  2  1
  1  134  3  4  2  2  4  2  4  3  3  3  4  3  3  2  2  2  3  3  3  4  3  2  3  3  2  3  3  3  3  3  2
  1  135  4  4  4  2  4  3  4  4  2  3  2  2  3  3  4  4  2  4  3  2  2  3  3  2  4  1  2  2  3  3  1
  1  136  3  3  3  2  4  4  4  3  4  4  4  3  4  4  4  4  2  2  4  2  2  4  4  4  4  2  2  3  2  2  2
  1  137  2  4  4  2  2  3  4  3  3  3  3  2  2  4  4  4  2  3  4  2  3  4  4  3  4  1  1  1  1  1  1
  1  138  4  4  5  3  3  4  4  4  3  3  3  3  4  4  4  4  1  3  4  1  3  3  4  3  3  2  2  2  2  2  2
  1  140  5  4  5  4  5  5  3  5  4  5  4  4  4  3  4  4  3  2  4  2  3  3  4  4  4  1  1  2  2  2  1
  1  141  3  3  4  3  2  3  4  3  2  3  3  2  3  3  3  3  3  3  3  3  3  3  3  3  3  3  3  3  3  3  3
  1  142  4  5  4  3  3  3  5  3  3  4  3  5  3  4  4  4  1  2  5  3  3  3  3  3  4  2  1  3  2  1  1
  1  143  4  3  4  2  3  3  2  3  2  2  3  3  2  2  3  2  2  3  3  3  1  1  1  1  2  2  2  3  2  2  1
  1  144  4  3  3  3  4  3  4  4  3  3  4  3  4  3  3  3  3  3  4  2  3  3  3  3  3  3  3  3  3  3  3
  1  145  4  4  3  2  4  3  4  4  4  4  4  3  4  3  3  3  3  3  4  2  4  3  4  4  4  1  3  4  4  2  1
  1  146  3  3  4  3  4  2  3  4  3  3  3  1  2  2  1  2  3  4  3  3  3  3  4  3  4  1  3  2  1  2  2
  1  147  3  3  4  3  3  3  3  3  3  3  3  3  3  3  4  4  2  3  4  2  3  4  3  3  3  1  3  3  1  1  1
  1  148  2  3  4  2  2  3  3  4  3  1  2  2  2  1  3  2  4  3  3  4  3  3  2  3  4  1  3  3  2  4  1
  1  150  4  5  5  4  5  5  5  3  4  3  4  2  4  3  3  4  4  4  4  1  1  3  3  3  3  1  2  3  3  2  1
  1  151  3  4  5  2  4  4  4  3  3  3  3  2  2  4  3  4  2  3  5  3  2  2  2  3  3  1  2  4  2  2  1
  1  152  3  4  4  4  3  3  3  4  4  4  3  4  3  4  4  4  2  2  4  2  3  3  4  4  4  3  3  3  3  3  3
  1  153  3  4  3  4  4  3  4  3  4  3  3  4  4  3  4  3  3  4  4  2  3  3  2  3  4  2  2  4  3  2  4
  1  154  4  4  5  4  5  4  4  3  4  4  4  4  4  4  3  3  3  3  4  4  2  2  3  3  3  2  2  3  3  3  2
  1  155  3  4  3  2  3  2  4  3  3  3  4  3  2  4  2  2  4  4  3  3  2  3  3  3  4  2  3  3  3  3  3
  1  156  3  3  3  3  4  3  3  4  4  4  4  4  3  3  4  4  3  2  4  2  4  3  4  4  4  2  3  3  3  3  3
  1  157  4  5  5  4  4  3  5  5  4  4  5  4  4  3  4  5  2  3  4  2  3  3  2  3  2  2  3  3  2  2  3
  1  158  4  3  2  4  2  4  4  4  3  3  3  3  4  2  3  2  4  3  3  3  2  3  3  3  3  2  2  3  2  2  2
  2    0  4  4  4  3  4  5  3  4  3  4  4  4  4  4  4  4  2  2  4  2  2  3  2  2  4  1  1  1  1  2  1
  2    1  4  4  5  4  3  4  4  3  3  3  4  3  3  4  3  3  2  3  3  3  1  4  3  2  2  4  2  3  3  2  2
  2    2  4  3  4  4  4  3  3  3  3  3  4  4  3  3  3  3  2  3  4  2  3  3  2  2  3  1  1  1  1  1  1
  2    3  4  3  4  3  4  4  3  4  3  3  4  3  3  3  4  4  3  3  4  3  3  3  3  3  3  3  3  3  3  3  3
  2    4  3  4  5  2  5  2  4  3  3  3  3  2  2  3  3  3  3  4  3  2  3  5  4  3  5  1  1  3  1  2  2
  2    5  2  4  4  3  4  4  3  4  2  2  2  2  2  4  4  3  2  2  4  2  3  4  3  3  2  2  2  4  2  2  2
  2    6  3  4  4  3  4  3  4  3  3  3  3  3  3  3  3  2  3  3  3  3  3  3  3  3  4  2  2  4  3  4  4
  2    7  3  4  4  2  4  3  2  3  3  3  3  2  3  3  2  3  3  4  3  2  2  3  3  3  3  3  3  4  2  2  2
  2    8  4  4  5  4  4  3  4  3  4  4  4  3  3  3  4  4  1  4  4  1  3  4  3  3  2  2  2  2  2  1  2
  2    9  3  3  4  4  4  3  4  3  3  3  3  4  2  3  4  3  3  2  4  2  4  4  4  3  4  3  3  3  3  3  3
  2   10  3  4  4  4  4  2  3  3  3  4  4  3  3  4  3  3  1  3  2  2  3  3  3  3  3  2  2  4  3  3  2
  2   11  3  3  3  3  4  4  4  3  4  3  3  4  3  3  3  3  3  3  4  3  2  3  3  3  2  3  2  4  3  2  2
  2   12  5  3  3  5  4  3  4  4  4  4  5  3  3  3  3  4  3  4  4  3  3  3  3  3  3  4  4  4  4  4  4
  2   13  4  3  4  4  3  2  1  1  1  2  2  2  3  3  4  4  3  3  2  1  1  2  3  3  3  1  2  2  2  3  3
  2   14  4  3  3  3  2  4  3  3  3  3  3  3  4  3  2  3  2  4  4  2  2  2  3  3  2  2  2  2  4  2  1
  2   15  2  2  2  3  5  3  3  4  3  2  2  3  4  2  2  3  3  4  3  3  3  3  4  4  4  1  1  2  2  3  1
  2   16  3  1  2  3  4  2  2  2  2  3  3  3  1  4  4  4  2  4  3  3  3  3  4  3  3  2  2  2  2  1  1
  2   17  3  3  3  2  3  3  4  4  2  2  2  2  3  3  2  2  3  2  3  2  1  2  1  1  2  2  2  1  1  1  2
  2   19  3  3  3  3  3  3  3  3  3  4  3  4  3  2  2  2  3  3  2  3  2  2  1  1  2  2  1  1  2  2  1
  2   20  3  3  4  2  5  2  4  2  3  3  3  2  2  2  3  3  3  3  3  3  2  3  3  3  4  2  2  4  2  2  2
  2   21  3  4  4  3  3  2  3  3  2  2  2  2  2  3  3  3  3  3  3  3  2  3  3  3  3  3  2  4  2  2  4
  2   22  4  3  4  3  3  3  4  2  2  3  3  2  2  1  3  3  4  4  4  2  3  3  3  3  2  1  1  2  2  1  1
  2   23  5  4  4  4  5  3  5  4  4  4  4  4  4  4  4  5  2  3  3  2  3  3  4  3  3  2  3  3  2  3  2
  2   24  2  3  3  4  5  3  5  4  3  3  4  3  3  2  3  2  3  3  3  3  2  4  3  2  4  3  3  3  3  2  3
  2   25  1  2  1  1  4  2  3  2  4  1  2  2  1  3  3  2  5  3  4  2  2  2  2  2  2  2  2  2  2  2  2
  2   26  4  4  5  3  3  3  2  3  5  4  4  3  3  2  2  3  3  2  4  2  2  2  2  2  2  2  2  3  2  2  2
  2   27  2  4  4  5  4  2  1  3  3  2  3  2  3  2  3  3  4  4  3  3  1  1  2  1  1  4  4  3  4  4  4
  2   28  5  5  5  4  4  5  4  5  4  4  5  5  5  3  4  4  2  3  3  1  2  1  3  3  3  3  4  2  2  1  1
  2   29  4  5  5  2  4  4  5  5  3  3  3  3  2  3  4  3  3  3  2  3  2  3  3  4  3  1  1  2  1  1  1
  2   30  3  4  2  3  2  3  3  3  4  2  3  2  2  3  3  2  1  3  2  4  3  2  3  2  2  3  2  3  3  3  2
  2   31  1  3  4  5  5  2  4  2  3  4  1  5  2  1  2  3  4  3  2  1  4  2  4  2  1  2  3  4  1  2  3
  2   32  2  4  5  1  1  2  5  4  3  2  3  2  4  2  3  4  1  2  3  4  2  2  4  5  2  3  4  2  4  5  5
  2   33  2  3  4  5  3  3  2  3  2  1  5  4  4  3  2  1  5  3  2  5  1  5  5  3  1  2  1  3  5  4  2
  2   34  5  4  5  5  5  3  4  4  5  4  4  3  3  3  3  2  2  2  3  3  3  4  3  1  3  2  2  4  1  2  1
  2   35  5  3  3  3  3  5  3  5  5  5  4  4  3  3  4  3  4  4  5  3  3  3  2  2  3  2  2  2  2  2  2
  2   36  5  5  5  5  3  5  3  5  5  5  5  5  5  3  3  3  3  2  4  2  2  2  2  2  2  3  2  2  2  2  2
  2   37  4  4  4  2  4  3  3  3  3  2  4  4  2  3  3  3  3  3  4  3  2  2  2  3  2  3  3  3  3  4  2
  2   38  3  3  4  4  4  4  3  2  3  2  2  3  3  2  2  2  2  4  2  2  3  3  4  4  3  2  1  2  1  2  1
  2   39  4  4  4  4  3  3  3  3  3  3  3  3  3  3  2  3  3  3  3  3  3  3  3  3  3  3  3  3  3  3  3
  2   40  4  3  4  4  4  3  3  3  2  3  4  4  3  3  3  3  2  3  4  3  1  1  1  1  3  3  3  3  3  3  3
  2   41  2  2  4  3  4  2  3  2  4  3  3  3  3  4  3  3  4  4  3  4  2  3  3  3  3  1  4  2  1  2  2
  2   42  4  4  4  2  5  3  4  2  4  3  4  2  1  3  3  3  3  4  3  3  2  3  3  2  2  2  3  4  2  2  2
  2   43  4  4  3  3  4  3  5  4  3  4  4  3  3  3  3  4  2  1  4  1  3  2  3  3  4  1  3  3  2  1  1
  2   44  3  4  4  3  4  3  2  3  3  2  3  2  2  3  2  2  3  3  3  3  2  3  2  2  3  2  2  2  2  3  3
  2   45  3  3  4  3  3  3  4  3  3  4  4  4  4  3  4  2  4  2  3  4  4  4  2  2  4  2  1  2  2  2  2
  2   46  4  4  4  3  4  3  4  4  4  4  4  3  4  4  4  4  4  3  2  4  3  3  2  3  2  3  3  3  2  3  4
  2   47  3  2  3  2  3  3  3  2  3  2  3  2  2  2  3  2  2  3  3  2  2  2  2  3  3  3  3  2  3  1  1
  2   48  4  4  4  4  4  4  4  4  4  4  4  4  4  3  4  3  3  2  4  2  3  4  4  4  4  2  2  3  2  1  1
  2   49  4  4  4  4  4  4  4  4  4  4  4  4  4  3  4  3  3  3  4  3  3  4  4  4  4  2  2  3  2  2  2
  2   50  3  2  3  4  3  2  3  3  2  3  3  2  3  3  2  3  2  3  2  3  3  2  2  3  2  2  2  3  3  1  1
  2   51  4  4  5  4  4  4  4  4  4  4  4  4  4  3  3  3  4  4  3  2  4  2  3  3  4  2  2  2  2  1  1
  2   52  4  4  4  3  4  4  4  4  3  3  4  4  4  4  3  4  3  4  4  2  3  3  3  3  3  1  3  4  1  1  1
  2   53  3  3  3  3  3  2  4  3  2  2  3  2  2  4  3  2  3  2  3  2  3  3  3  3  3  1  1  3  2  1  1
  2   54  3  3  3  3  2  2  2  2  2  2  2  2  2  2  2  3  3  3  2  3  2  2  2  2  2  2  2  2  2  2  2
  2   55  4  4  4  4  4  3  4  4  4  3  3  4  4  3  3  3  4  4  3  3  3  3  3  3  4  2  2  3  2  3  1
  2   56  4  5  5  3  4  5  4  4  3  3  4  3  4  4  4  4  2  4  4  2  2  3  3  3  3  1  2  3  1  2  1
  2   57  3  4  3  4  3  4  2  4  4  4  4  4  4  4  4  4  2  2  4  3  4  3  3  3  4  1  1  1  1  1  1
  2   58  3  2  1  3  2  4  2  2  3  2  2  3  2  3  2  4  3  3  2  4  2  3  1  2  2  1  2  3  4  2  4
  2   59  3  3  2  3  4  3  3  2  3  2  3  4  3  3  4  4  2  3  2  3  4  4  2  3  4  1  1  4  3  2  1
  2   60  3  4  5  2  4  3  4  3  3  3  3  3  3  4  3  3  3  3  4  2  2  2  3  2  3  2  3  2  3  2  1
  2   61  5  5  5  4  4  3  3  4  4  4  4  4  3  3  3  3  3  4  4  2  3  3  2  2  2  2  2  2  2  2  1
  2   62  3  3  3  4  4  3  3  4  4  4  4  3  3  4  3  4  3  3  4  3  3  3  3  3  3  2  2  1  1  2  2
  2   63  4  4  4  4  4  2  3  3  4  4  4  3  4  5  5  4  3  3  3  2  3  3  3  3  3  4  3  4  2  2  2
  2   64  4  3  4  3  4  2  4  3  4  4  3  3  3  3  3  3  2  3  4  2  3  4  3  2  3  3  3  3  3  2  2
  2   65  4  4  4  3  4  3  4  4  3  3  4  3  3  3  3  3  3  3  3  3  2  3  3  3  3  2  2  2  2  2  1
  2   66  3  4  4  4  4  3  4  3  4  4  4  4  4  4  4  4  4  3  4  2  3  3  3  3  4  1  1  1  1  1  1
  2   67  3  3  4  2  3  4  4  4  4  3  4  2  4  4  3  3  2  3  2  4  3  3  3  3  3  2  2  4  2  2  2
  2   68  4  4  4  4  4  4  4  4  4  4  4  4  4  3  3  3  3  3  3  3  3  4  4  4  4  2  2  3  2  1  1
  2   69  5  5  5  5  5  5  5  5  5  5  5  5  5  4  4  4  2  2  4  2  3  4  4  4  4  2  2  3  2  1  4
  2   70  2  3  1  3  1  1  1  4  2  1  2  4  2  2  4  4  2  2  4  2  4  2  3  2  3  2  4  3  3  3  3
  2   71  3  3  4  3  4  3  3  3  4  3  3  3  3  3  3  3  2  3  3  3  3  3  3  3  3  2  2  2  2  2  1
  2   72  3  1  3  2  4  1  4  1  4  2  3  1  2  2  2  3  4  4  2  4  2  3  2  2  3  2  1  2  2  2  2
  2   73  2  3  4  3  5  2  5  2  4  4  3  2  2  2  3  3  5  2  4  4  2  1  2  2  3  4  4  4  4  4  4
  2   74  4  4  4  4  5  1  4  4  4  4  4  3  3  3  4  4  3  3  2  3  3  4  3  4  4  2  1  2  2  1  2
  2   75  5  3  2  4  4  1  4  3  4  4  5  2  3  3  2  2  2  3  4  3  3  3  3  3  4  4  4  5  3  3  4
  2   76  5  3  5  5  4  3  4  4  4  3  4  4  5  3  3  3  2  4  5  2  3  3  3  2  2  2  3  4  2  2  4
  2   77  3  5  5  4  5  2  5  2  4  3  3  2  3  3  3  4  2  2  4  1  3  3  3  3  3  1  1  2  3  1  1
  2   78  5  3  2  1  5  3  3  2  4  1  5  5  4  2  2  3  2  2  2  1  2  1  4  3  4  4  4  4  5  4  3
  2   79  3  3  4  4  4  3  4  3  4  4  3  3  3  1  3  3  4  4  4  3  3  4  2  2  4  2  3  3  2  3  2
  2   80  4  4  5  4  4  3  5  3  4  4  5  3  4  3  4  4  2  2  3  1  3  2  3  2  4  3  2  3  2  4  2
  2   81  4  4  5  4  4  3  4  4  3  3  3  3  4  4  3  4  2  2  4  1  3  3  3  3  4  2  2  2  2  1  1
  2   82  2  3  4  2  5  1  2  2  2  2  2  3  2  3  3  3  3  2  4  3  4  5  4  4  4  2  2  3  2  2  2
  2   83  3  4  5  3  5  4  2  3  4  3  4  3  3  3  2  3  3  4  3  4  3  2  3  3  3  2  4  4  4  3  3
  2   84  4  5  4  3  3  4  4  3  4  4  3  3  5  2  3  3  4  2  3  4  3  3  3  3  3  3  3  3  3  3  3
  2   85  4  3  4  4  4  4  3  4  3  3  4  3  4  3  3  3  3  3  4  2  3  3  3  3  3  3  3  3  3  3  3
  2   86  3  4  4  4  3  5  4  4  4  3  4  4  3  3  2  3  3  3  5  5  3  1  2  3  4  3  2  4  3  3  4
  2   87  3  2  5  3  3  3  3  3  3  3  3  3  3  3  1  1  4  4  2  4  2  3  4  4  4  4  2  5  3  3  3
  2   88  4  4  4  3  4  2  4  4  3  3  4  3  3  3  2  3  2  3  4  3  1  1  2  1  3  2  2  3  2  2  4
  2   89  3  2  4  3  4  3  4  3  3  2  3  2  2  3  3  3  2  3  4  1  4  3  3  4  4  2  2  4  2  2  4
  2   90  4  3  4  4  5  4  4  3  4  3  4  4  4  4  4  3  3  3  4  3  1  4  3  3  3  3  2  4  2  1  1
  2   91  2  4  3  3  4  4  4  4  2  2  2  3  2  3  3  3  4  2  4  3  3  3  3  3  3  2  2  2  2  2  1
  2   92  4  4  4  4  4  3  3  3  4  2  3  3  3  3  3  3  3  2  3  3  1  3  2  1  1  4  5  4  4  5  4
  2   93  3  3  4  4  4  2  3  3  4  3  3  3  3  3  3  3  3  2  4  2  2  3  4  4  4  2  2  2  2  2  2
  2   94  3  3  4  2  3  2  3  4  3  2  2  2  3  4  4  3  2  3  5  2  3  3  3  3  4  3  3  4  4  4  4
  2   95  3  3  4  2  4  3  3  2  4  2  4  3  2  2  2  2  3  3  2  3  3  3  3  3  2  2  3  3  2  2  2
  2   96  4  4  4  3  5  4  3  3  4  3  3  3  4  3  4  3  3  4  4  2  3  3  4  4  4  1  1  3  2  1  2
  2   99  2  4  2  1  4  3  2  4  2  3  5  3  2  3  2  3  3  3  4  4  3  2  3  3  3  2  3  4  3  1  2
  2  100  2  4  4  2  4  2  2  4  4  3  3  3  2  3  2  3  3  3  2  2  2  2  1  1  2  2  2  1  1  2  1
  2  101  3  4  4  2  5  3  5  3  1  3  2  4  3  3  2  2  3  3  3  3  2  3  2  1  2  2  2  4  3  3  3
  2  102  5  5  5  2  5  3  4  4  3  2  5  3  2  4  3  3  3  4  3  4  3  4  2  2  2  2  1  1  3  1  1
  2  103  4  4  4  4  4  1  4  3  3  1  1  4  3  2  3  4  2  3  4  2  2  3  1  1  2  2  2  3  2  1  1
  2  104  4  3  4  3  4  3  3  3  4  3  3  3  3  2  3  2  4  4  2  4  3  3  4  4  3  2  1  2  2  2  1
  2  105  2  2  2  1  2  1  2  2  3  1  3  2  2  2  2  4  1  3  3  3  1  1  2  1  2  1  4  3  4  5  5
  2  106  4  4  4  3  4  3  3  4  4  4  4  3  3  2  3  3  3  3  3  3  3  2  3  3  4  2  2  2  2  2  2
  2  107  3  3  3  3  3  2  3  2  3  3  3  3  2  3  3  3  3  3  3  3  3  3  3  3  3  3  3  3  3  3  3
  2  108  3  3  3  4  3  3  3  3  3  3  3  3  3  1  2  3  3  3  3  3  3  3  3  3  3  3  3  3  3  3  3
  2  109  3  4  4  2  3  2  4  4  3  3  2  3  4  3  2  4  4  3  3  2  3  4  2  3  3  3  1  1  1  1  1
  2  110  1  2  4  1  4  2  4  3  1  1  2  1  1  2  2  2  4  4  3  3  3  3  3  3  3  2  2  3  3  3  3
  2  111  3  3  5  3  4  2  4  3  3  3  3  4  4  3  3  3  3  3  4  4  4  3  3  3  4  3  3  4  2  3  1
  2  112  4  3  4  5  3  3  3  3  4  3  3  4  3  3  3  2  3  2  3  3  4  5  4  4  4  1  1  1  1  1  1
  2  114  5  4  5  5  4  4  4  4  4  4  4  4  4  4  5  4  2  4  4  2  3  3  3  2  2  2  2  4  2  2  2
  2  115  3  4  3  4  3  4  3  4  3  3  4  3  3  4  3  4  3  4  3  3  3  1  3  3  1  3  3  2  2  3  3
  2  116  3  3  4  3  4  3  3  3  4  3  3  3  3  3  3  3  2  3  3  3  3  2  2  3  2  2  2  3  2  3  1
  2  117  2  4  1  1  5  1  3  1  1  1  1  3  5  3  3  5  3  3  5  3  1  3  5  5  4  2  1  2  4  3  1
  2  118  3  4  4  4  4  4  4  4  3  5  5  5  4  5  4  4  3  3  5  1  2  2  3  3  4  2  1  3  3  2  3
  2  119  2  2  4  3  4  2  3  3  3  2  2  3  2  2  2  2  3  3  3  2  2  3  3  2  4  2  3  2  1  2  1
  2  120  3  4  4  3  3  4  5  4  5  3  3  5  5  3  3  4  1  1  4  1  2  1  2  1  2  5  5  5  2  4  2
  2  121  3  3  3  3  4  4  3  3  4  4  3  3  4  4  3  3  3  4  4  4  4  3  3  3  3  3  3  2  3  2  2
  2  123  2  2  2  3  4  3  4  3  4  4  4  3  2  2  3  3  3  3  3  3  2  3  2  2  2  2  2  2  2  2  2
  2  124  4  4  5  3  3  3  4  4  3  3  3  4  3  3  3  3  3  2  4  2  2  2  2  2  2  2  2  2  2  2  2
  2  125  2  2  2  2  1  1  2  3  1  1  2  1  2  4  4  3  3  3  4  3  3  4  4  3  4  2  3  2  1  2  1
  2  126  4  4  5  4  4  4  5  4  4  4  4  4  5  3  4  4  2  2  5  3  2  3  2  3  3  3  3  5  4  3  4
  2  127  4  4  3  3  4  4  3  3  3  3  4  3  3  2  2  2  3  4  2  3  1  3  2  2  3  2  2  2  2  2  1
  2  128  4  3  4  2  5  3  4  3  4  3  4  3  3  2  2  4  3  2  4  1  3  4  3  4  4  2  3  2  2  1  3
  2  129  2  3  4  3  4  3  2  3  2  3  4  2  3  3  3  2  3  2  2  4  2  3  3  3  5  3  3  3  3  3  3
  2  130  4  3  2  3  4  3  4  4  4  3  4  4  3  2  3  4  3  2  3  3  3  3  3  3  2  2  2  3  3  3  2
  2  131  4  3  3  3  3  4  4  4  4  3  3  3  4  3  2  2  4  3  2  3  2  3  2  2  3  3  2  2  4  3  3
  2  134  4  4  4  2  4  2  4  3  2  2  3  3  3  3  3  3  4  4  3  2  2  3  1  1  2  2  2  3  4  2  2
  2  135  4  4  5  3  4  3  3  3  3  3  4  3  4  4  4  4  2  3  3  2  3  3  3  3  4  2  3  2  1  1  1
  2  136  3  3  4  2  4  3  3  3  3  3  3  3  3  2  3  3  3  3  3  3  3  3  3  3  3  4  3  3  3  2  3
  2  137  3  4  1  2  3  2  4  2  2  2  2  1  3  2  3  3  3  3  2  4  1  2  2  1  3  3  4  3  3  3  3
  2  138  2  3  3  2  2  3  2  3  3  3  4  3  3  3  3  3  3  3  4  2  1  1  2  2  1  2  3  2  3  3  2
  2  139  4  3  3  2  5  2  5  4  4  2  3  2  2  2  3  3  3  4  3  3  2  2  2  3  2  2  1  1  2  2  2
  2  140  4  4  5  3  3  2  5  1  2  2  4  1  2  4  2  2  3  3  4  2  3  4  3  3  3  2  2  3  3  3  3
  2  141  3  3  3  3  3  1  3  2  2  2  2  2  2  3  4  3  3  3  4  2  3  4  3  3  3  2  2  4  2  2  1
  2  142  3  3  3  3  3  3  3  3  3  3  3  3  3  2  2  2  3  3  3  3  2  3  3  3  3  2  2  1  1  1  1
  2  143  4  4  5  3  4  4  4  3  4  3  4  4  3  2  2  4  2  2  4  2  3  3  3  3  3  3  2  4  3  4  4
  2  144  5  4  5  5  5  5  4  4  3  3  4  5  5  4  4  3  3  3  3  2  3  3  2  3  3  3  3  2  4  3  2
  2  145  3  4  4  3  4  3  2  3  2  3  3  1  3  2  3  3  4  4  3  3  3  5  4  4  4  2  2  4  1  2  1
  2  146  4  4  4  3  4  3  4  3  4  3  3  3  3  3  3  3  3  2  4  2  3  3  3  3  3  2  1  2  2  1  1
  2  147  4  5  3  4  3  4  4  4  4  5  4  4  5  5  4  4  4  4  4  5  3  3  3  3  3  3  3  3  3  3  3
  2  148  4  4  5  3  4  3  3  3  3  3  4  1  3  5  5  5  3  3  3  1  3  3  3  3  3  3  3  3  3  3  3
  2  149  4  4  4  4  4  4  4  4  4  3  3  4  3  4  4  4  2  4  3  4  4  2  3  3  4  1  2  2  1  1  1
