chimp	DOB	Dam	Sire	Sex	Rater	DOPR	DaysAgeatTest	YearsAgeatTest	location	Version 	Group size	fear	dom	pers	caut	stbl	aut	stngy	jeals	reckl	soc	tim	symp	play	sol	actv	help	buly	aggr	manp	gntl	affc	exct	impl	inqs	subm	depd	irri	pred	decs	depr	sens	defn	intll	prot	invt	clmy	errc	frdy	lazy	dsor	unem	imit	indp
Jenny	2/24/40	Wendy	Jack	0	DL	10/04/1997	21042	59.1	Yerkes	B		5	6	5	6	5	6	2	3	2	5	3	6	5	4	2	7	2	4	5	7	6	4	4	6	3	2	1	5	5	2	6	6	6	7	5	5	2	7	6	3	3	4	3
Ada	01/01/1955			0	WH	7/15/01	16997	47.7	Yerkes	A	1	2	1	2	5	4	6	4	3	3	2	5	4	1	6	4	2	2	3	4	4	4	2	2	4	5	5	2	5	4	6	3	2	2	2	3	6	5	2	6	6	7	2	5
Maxine	02/10/1957			0	MW	7/15/01	16226	45.6	Yerkes	A	2	7	1	5	7	3	2	2	5	2	3	7	3	2	2	1	6	1	1	2	6	4	5	2	3	7	6	4	6	2	6	5	2	5	1	2	3	2	4	6	4	3	2	2
Garbo	12/10/1953	Gamma	Bokar	0	WH	10/22/97	16022	45	Yerkes	B		1	1	5	6	5	3	3	2	1	5	5	5	4	6	1	4	1	1	5	6	4	4	3	5	6	5	2	5	3	4	4	1	5	4	3	5	3	6	5	4	2	4	5
Flora	01/01/1954			0	LF	7/24/97	15910	44.7	Yerkes	A	3	6	1	5	4	2	4	4	6	1	4	5	3	2	4	2	2	1	1	1	4	3	6	4	3	5	5	6	3	3	5	3	3	3	3	2	4	5	2	5	3	2	2	4
Jenda	2/14/58	Soda	Jent	0	MW	7/26/01	15868	44.6	Yerkes	A	6	3	2	2	5	5	3	2	2	1	2	4	3	1	6	2	4	1	2	3	4	3	3	2	2	5	5	2	5	5	5	4	1	3	2	2	4	2	4	2	5	4	2	6
Wenka	5/21/54	Banka	Web	0	WH	08/11/1997	15788	44.3	Yerkes	A	3	5	2	2	5	2	6	1	2	2	3	5	4	2	6	2	2	1	1	4	4	3	5	5	4	6	6	4	5	4	6	3	4	3	4	3	5	5	4	4	6	3	4	5
Anna	01/01/1955			0	WH	10/04/1997	15617	43.9	Yerkes	B		4	2	3	6	6	3	5	4	5	2	5	1	1	7	2	2	2	1	2	6	2	2	2	3	6	5	5	6	6	3	2	6	4	2	4	6	2	3	6	3	6	4	7
Cheri	01/01/1955			0	DL	10/04/1997	15617	43.9	Yerkes	B		4	1	1	6	5	6	2	2	2	2	6	2	1	7	3	1	2	2	2	5	1	4	2	3	7	6	6	4	5	5	5	1	4	1	2	6	4	2	5	5	5	3	3
Sparkle	01/01/1955			0	DL	10/04/1997	15617	43.9	Yerkes	B		6	4	6	4	2	3	5	6	6	2	3	3	1	3	3	5	3	3	4	3	4	6	5	5	5	6	6	3	6	5	5	6	6	4	6	5	5	3	5	2	2	4	6
Lulu	01/01/1957			0	SS	1/14/99	15353	43.1	Yerkes	B		3	1	4	4	3	2	2	4	1	5	4	5	4	4	3	5	1	1	3	5	5	5	2	5	4	4	2	6	4	2	5	3	5	5	2	2	2	6	2	2	1	2	4
Lucy	07/01/1956			0	DL	10/04/1997	15070	42.3	Yerkes	B		6	2	2	6	5	5	3	3	2	5	6	5	2	5	3	5	2	3	3	6	5	3	2	2	6	7	4	5	4	3	6	3	4	6	2	5	2	5	5	2	5	6	5
Mary	07/07/1960	Flora	Jent	0	AH	7/15/01	14983	42.1	Yerkes	A	2	3	1	2	6	4	1	1	1	1	3	5	4	2	5	1	2	1	1	4	6	5	4	2	2	6	5	2	6	5	4	5	1	4	3	2	5	2	3	7	1	5	4	4
Cheeta	01/01/1957			0	WH	8/13/97	14834	41.7	Yerkes	B		2	5	5	2	2	4	6	5	5	4	3	2	2	5	4	3	5	6	5	3	2	5	5	4	3	2	6	3	4	4	4	5	5	3	4	4	5	2	4	4	3	4	6
Dobbs	01/01/1961			1	MW	7/15/01	14805	41.6	Yerkes	A	2	1	7	5	2	2	2	5	5	5	2	1	2	2	6	3	2	6	7	5	2	1	6	6	2	1	1	6	5	6	5	2	6	5	3	2	2	6	2	2	5	3	2	6
Beleka	01/01/1962			0	MW	7/26/01	14451	40.6	Yerkes	A	6	3	2	6	3	3	4	5	4	4	3	3	4	2	3	3	5	2	4	3	4	4	4	3	4	4	3	3	6	4	5	4	2	2	3	2	4	4	3	4	5	5	2	6
Sonia	11/01/1959			0	SS	01/03/1999	14308	40.2	Yerkes	A		4	4	2	4	6	1	1	1	1	6	2	6	1	4	1	6	1	1	1	7	7	2	1	4	4	2	1	7	6	5	5	1	5	6	2	4	1	7	6	1	4	3	4
Iyk	08/01/1962			1	MW	7/26/01	14239	40	Yerkes	A	6	3	1	2	5	5	2	2	3	2	2	5	3	3	6	1	4	2	2	1	5	5	2	2	1	3	2	2	6	3	5	4	2	3	3	1	3	1	4	7	5	4	3	6
Francisca	01/01/1959			0	WH	11/23/97	14206	39.9	Yerkes	A	2	4	6	6	3	2	5	6	6	6	2	4	4	2	5	1	2	6	7	7	3	3	7	5	2	2	3	6	5	5	2	3	6	5	4	3	4	6	2	6	2	1	4	5
Reba	11/03/1958	Flora	Web	0	WH	7/30/97	14149	39.7	Yerkes	A	7	6	3	4	4	2	6	3	3	2	4	5	3	2	2	4	4	3	2	2	3	3	5	5	2	5	5	5	5	4	2	3	3	3	3	2	5	6	4	4	6	2	4	4
Hoboh	01/01/1959			1	WH	7/27/97	14087	39.6	Yerkes	A	3	1	6	6	2	2	6	6	4	6	3	5	2	3	4	4	4	5	6	5	3	3	6	6	4	2	4	4	5	5	5	2	6	4	4	4	5	6	4	4	5	1	4	5
Martha	07/07/1960	Flora	Jent	0	SS	1/14/99	14070	39.5	Yerkes	B		2	3	3	4	4	2	3	2	2	3	2	4	2	4	2	4	2	1	2	4	4	3	1	3	2	3	1	6	4	2	4	1	5	4	1	1	2	4	6	1	4	1	5
Boka	11/11/1959	Alfalfa	Bokar	0	WH	11/12/1997	13881	39	Yerkes	A	3	4	5	3	5	6	1	3	3	2	4	5	4	1	4	1	4	3	2	4	5	4	2	2	2	4	4	2	5	5	4	5	2	2	4	1	5	2	4	6	5	5	3	4
Lolita	08/01/1959			0	WH	7/24/97	13872	39	Yerkes	A	3	4	4	5	5	4	2	5	2	2	5	6	4	4	5	2	4	3	2	5	5	4	5	3	3	4	4	4	5	4	5	5	3	4	4	4	3	3	5	6	2	6	4	5
Alice	01/01/1961			0	WH	09/03/1997	13394	37.6	Yerkes	B		4	5	5	4	4	2	5	4	2	3	4	5	5	6	4	3	3	5	4	4	4	4	4	4	3	4	4	6	4	4	4	3	5	4	5	4	4	3	4	4	3	5	5
Mai	01/01/1964			0	TH	8/16/00	13377	37.6	Yerkes	B		5	2	6	4	2	1	6	6	2	3	6	3	2	4	2	4	5	4	4	3	5	6	1	2	6	6	6	2	5	5	4	4	4	6	2	2	6	3	6	4	1	1	2
Jimoh	01/01/1964			1	LP	06/11/2000	13311	37.4	Yerkes	B		2	4	3	5	6	4	5	3	4	6	2	5	4	5	4	5	5	4	5	6	6	3	2	4	2	4	2	6	5	2	6	2	6	5	2	1	1	6	4	1	6	2	5
Borie	01/01/1964			0	JM	01/11/1999	12794	35.9	Yerkes	A		1	7	5	3	6	1	3	2	1	6	1	5	3	2	4	4	5	1	2	5	5	2	3	6	2	2	1	5	5	1	6	1	7	6	6	2	1	5	3	1	3	1	6
Jenifere	01/01/1963			0	WH	09/10/1997	12671	35.6	Yerkes	B		4	5	7	3	2	5	6	5	3	2	3	1	2	6	3	3	6	5	4	3	2	7	5	2	3	3	7	2	6	4	4	6	5	3	3	4	6	2	4	4	1	3	5
Foxy	12/10/1967	Halpha	Jethrow	0	AH	7/15/01	12271	34.5	Yerkes	A	2	2	6	5	4	5	2	6	3	2	4	3	3	2	4	4	2	1	2	4	5	4	4	3	2	2	2	2	5	4	3	4	3	4	3	3	3	2	4	3	4	4	4	5
Atlanta	08/10/1965	Cheri	Jent	0	SS	1/19/99	12215	34.3	Yerkes	A		1	2	1	1	7	1	5	2	1	4	1	6	1	6	1	1	1	1	1	6	7	1	1	2	1	1	1	7	7	1	6	1	6	2	1	1	1	7	7	1	2	1	7
Phineas	01/01/1966			1	JF	01/12/1999	12064	33.9	Yerkes	B		5	6	4	4	3	2	7	7	2	6	2	4	6	2	5	2	6	5	6	3	5	5	2	5	2	2	2	6	6	1	4	1	6	5	4	1	2	4	1	1	2	1	6
Bo	01/01/1969			0	AH	7/26/01	11894	33.4	Yerkes	A	9	4	4	4	5	6	1	3	3	2	5	4	5	2	5	2	4	2	2	5	6	5	3	3	5	4	4	3	5	4	4	5	3	4	4	3	5	2	4	5	3	6	4	5
Lil'One	01/01/1969			0	AH	7/26/01	11894	33.4	Yerkes	A	9	5	3	5	4	3	2	1	2	3	4	4	5	3	3	3	5	3	3	5	5	5	5	3	4	3	3	3	5	4	3	5	3	5	5	5	5	3	5	3	2	3	4	3
Walnut	01/01/1965			1	WH	7/18/97	11886	33.4	Yerkes	A	10	2	7	4	5	5	5	2	3	2	6	2	5	5	2	3	3	2	3	5	5	5	2	2	5	2	2	2	5	5	4	4	3	5	5	3	2	2	6	4	3	4	4	5
Heppie	05/08/1969	Lolita	Hep	0	AH	7/15/01	11756	33	Yerkes	A	2	4	3	3	6	6	2	4	3	2	4	5	4	2	5	1	4	1	1	4	5	4	3	1	1	4	3	2	6	4	5	4	2	3	4	2	5	2	3	6	3	6	4	4
Tai	01/01/1967			0	JM	01/11/1999	11698	32.9	Yerkes	A		3	2	3	3	4	1	4	2	1	3	3	3	2	5	3	4	2	2	2	5	4	5	3	4	3	4	2	6	2	2	5	2	5	3	4	2	1	3	5	3	3	1	4
Lana	10/07/1970	Banana	Hal	0	MB	06/05/2002	11564	32.5	Yerkes	B	4	1	2	2	7	7	6	1	1	1	4	5	5	2	2	2	6	1	1	6	6	5	1	6	5	6	5	3	6	7	3	7	1	6	6	5	1	2	4	5	1	3	5	7
Leslie	01/01/1970			0	AH	7/26/01	11529	32.4	Yerkes	A	11	2	5	2	3	6	4	2	2	2	5	2	5	3	4	1	4	2	2	4	5	5	3	3	3	3	3	2	5	4	4	4	3	4	5	4	4	3	5	7	3	5	4	5
Peony	01/01/1968			0	SS	1/19/99	11341	31.9	Yerkes	B		1	7	5	1	6	1	6	3	2	5	1	4	2	5	1	4	3	1	2	6	5	1	1	2	1	2	1	6	6	1	4	5	4	4	2	1	1	6	4	1	4	1	6
Gay	01/01/1967			0	WH	8/31/97	11200	31.5	Yerkes	A	7	2	7	7	3	4	2	6	5	6	3	5	3	5	5	4	2	7	6	6	3	2	5	4	4	2	2	4	4	5	4	3	6	4	4	3	5	4	5	3	4	5	4	6
Gwennie	01/01/1969			0	SS	1/16/99	10972	30.8	Yerkes	B		1	1	7	7	6	1	1	7	1	6	1	4	1	5	1	5	1	1	7	1	6	1	1	6	1	4	1	7	6	1	5	2	7	5	7	1	1	2	7	1	2	4	5
Juan	2/23/68	Jenny	Frans	1	WH	7/17/97	10737	30.2	Yerkes	A	3	6	2	2	2	6	5	1	1	1	5	7	5	4	6	2	4	2	2	4	5	5	3	2	2	5	5	2	6	4	2	4	2	2	5	3	5	2	5	5	6	5	3	5
Ellie	8/14/72	Cookie	Homer	0	AH	7/15/01	10562	29.7	Yerkes	B		2	2	2	5	5	1	4	2	2	3	5	2	1	6	1	3	2	1	4	5	2	1	1	1	6	4	1	6	3	5	4	1	4	2	3	2	2	2	7	2	7	4	4
Rogger	01/01/1969			1	WH	11/03/1997	10533	29.6	Yerkes	A	7	1	7	7	1	3	4	7	7	6	3	3	2	2	3	5	3	7	6	5	3	3	5	3	2	1	2	4	5	5	2	4	6	1	5	1	5	2	3	4	5	2	1	6
Jeanie	01/01/1969			0	WH	07/10/1997	10417	29.3	Yerkes	A	2	4	4	5	5	7	1	2	3	2	5	2	5	5	3	3	4	2	2	5	5	5	4	4	5	3	2	2	5	5	1	4	2	6	5	6	2	2	5	2	2	5	4	5
Marilyne	1/13/71	Lola		0	SS	1/14/99	10228	28.7	Yerkes	B		2	7	7	1	5	2	7	6	6	3	1	1	3	6	3	3	5	5	7	3	4	3	5	4	1	1	5	4	7	4	4	7	7	3	5	2	3	3	2	1	2	1	7
Marietta	08/03/1973	Martha	Homer	0	MW	7/15/01	10208	28.7	Yerkes	A	2	6	1	2	6	3	2	3	3	2	3	5	5	3	2	2	4	1	2	2	5	4	4	2	2	6	5	2	5	4	6	6	2	4	2	2	4	1	5	6	4	3	3	2
Austin	07/10/1974	Vonee		1	JK	06/05/2002	10192	28.6	Yerkes	A	4	4	2	4	5	5	1	4	4	1	7	1	5	6	1	4	6	5	1	6	5	6	5	1	6	3	1	1	4	6	1	6	4	7	3	7	2	1	7	1	1	1	6	5
Sheila	3/19/72	Lolita	Hep	0	SS	1/13/99	9796	27.5	Yerkes	B		3	6	5	3	3	1	5	5	5	4	1	3	4	5	5	3	5	5	4	4	2	6	1	4	1	1	3	6	6	4	5	3	6	4	4	1	1	2	3	1	2	4	6
Barbara	12/16/72	Sonia	Hal	0	SS	1/13/99	9524	26.8	Yerkes	A		2	3	2	6	6	1	1	2	1	5	1	4	1	5	1	4	2	1	3	6	6	1	1	4	3	2	4	6	4	4	4	1	5	5	3	1	1	6	6	1	1	4	4
Woodruff	7/22/75	Anna	Frans	1	MW	7/16/01	9491	26.7	Yerkes	A	2	3	2	6	5	6	2	4	4	2	5	2	5	3	2	3	5	1	1	2	6	5	3	3	6	6	2	2	6	6	3	5	2	5	4	5	3	2	6	6	2	3	4	6
Augusta	08/01/1975	Mary	Homer	0	MW	7/15/01	9480	26.6	Yerkes	A	2	5	5	6	2	2	2	6	6	2	3	4	2	2	4	4	5	2	6	4	2	2	5	4	4	5	6	5	5	5	2	4	2	4	3	2	2	3	3	3	2	3	6	3
Boisfeullet	12/14/71	Jenda		1	WH	10/30/97	9452	26.6	Yerkes	A	2	3	3	5	5	2	5	4	4	6	1	6	2	1	5	6	3	5	5	2	2	2	6	5	2	3	2	4	5	3	5	2	5	1	2	1	6	6	3	3	6	4	1	5
Angela	9/17/71	Reba	Hep	0	WH	7/27/97	9445	26.5	Yerkes	A	2	5	6	5	5	5	5	5	4	1	3	6	4	2	6	3	4	2	1	4	5	5	2	2	2	6	5	4	4	3	5	5	2	1	4	1	6	4	5	6	6	5	4	4
Les	09/08/1975	Flora	Hal	1	MW	7/15/01	9442	26.5	Yerkes	A	2	7	1	6	6	2	6	5	6	3	2	6	4	2	3	5	2	1	3	4	2	2	7	5	2	7	2	5	5	4	4	6	1	4	1	2	2	6	3	3	5	2	1	1
Merv	01/06/1976	Halpha	Hep	1	AH	7/15/01	9322	26.2	Yerkes	A	2	2	5	5	2	3	2	5	5	5	4	2	4	5	4	6	4	5	5	4	3	4	5	5	5	2	2	5	5	5	2	4	4	4	4	5	2	3	3	1	3	2	4	7
Suzanna	2/25/76	Jenda	Hep	0	AH	7/15/01	9272	26	Yerkes	A	2	4	4	5	5	3	2	4	5	6	3	2	2	5	4	7	4	4	4	5	3	3	7	7	5	2	2	5	2	5	2	2	5	4	3	4	3	5	2	1	6	2	4	6
Lena	2/29/76	Reba	Hep	0	AH	7/15/01	9268	26	Yerkes	A	2	4	3	4	6	3	2	2	2	2	5	4	5	2	4	3	4	1	1	6	5	5	4	3	5	6	3	1	3	4	3	6	5	5	4	5	4	2	4	4	3	4	4	3
Ericka	10/20/73			0	SS	1/16/99	9219	25.9	Yerkes	B		1	7	7	1	2	1	7	7	7	2	1	2	4	1	4	3	7	6	7	1	4	5	6	5	1	1	7	7	7	1	4	6	2	2	4	1	2	1	4	2	1	1	7
Artifee	7/24/76	Banana	Hoboh	0	AH	7/15/01	9122	25.6	Yerkes	A	2	4	5	4	4	4	2	4	3	2	4	5	5	3	4	3	5	1	1	5	5	4	4	3	4	2	3	2	6	5	4	5	5	4	4	4	5	3	3	5	3	5	4	5
Ossabaw	11/17/76	Tari	Jiggs	1	AH	7/15/01	9006	25.3	Yerkes	A	2	4	5	6	2	3	2	5	5	5	3	3	1	2	4	2	2	4	4	2	3	4	5	5	3	2	3	6	4	3	4	2	2	2	3	2	4	5	3	5	5	4	4	4
Jimmy	1/21/77	Anna	Franklin	1	AH	7/15/01	8941	25.1	Yerkes	A	2	1	6	3	2	3	1	6	5	3	3	4	2	2	5	2	3	5	5	4	2	2	2	2	4	2	1	4	5	5	5	3	3	4	2	3	4	4	2	6	4	5	4	5
Vivienne	7/27/74	Boka		0	SS	01/10/1999	8933	25.1	Yerkes	A		4	1	2	7	4	2	2	2	2	1	4	2	1	7	2	2	2	1	1	4	2	2	2	6	7	4	4	6	4	6	4	1	4	1	2	1	1	2	6	2	6	2	5
Phillip	4/30/77	Lolita	Hep	1	MW	7/26/01	8853	24.9	Yerkes	A	6	3	4	4	3	2	5	5	6	6	3	3	2	1	6	2	2	3	3	5	1	2	5	6	3	2	3	6	4	5	4	2	4	3	3	2	3	5	2	5	4	5	3	6
David	6/27/77	Flora	Hal	1	MW	7/15/01	8784	24.7	Yerkes	A	2	5	3	3	5	5	2	4	3	2	5	2	5	3	2	4	4	2	3	2	4	3	5	3	5	3	3	3	5	5	2	5	2	4	3	4	2	2	5	2	2	3	2	5
Cissie	11/28/76	Boka	Hep	0	LP	06/11/2000	8596	24.1	Yerkes	B		6	4	3	4	3	6	2	3	4	3	4	4	3	5	3	4	4	3	3	4	5	5	6	2	3	3	4	3	4	4	4	4	5	5	2	1	4	4	2	1	2	3	5
Barbi	6/14/76	Cookie	Homer	0	JM	01/11/1999	8246	23.2	Yerkes	A		4	2	2	5	4	1	4	2	2	2	5	3	2	5	2	2	2	2	2	3	2	2	2	3	5	5	2	5	3	5	3	2	2	2	2	2	2	5	5	3	5	2	2
Columbus	10/10/1977	Sonia	Phinneas	1	WH	11/12/1999	8068	22.7	Yerkes	A		6	4	3	6	4	6	6	4	5	3	6	4	3	7	3	3	5	4	6	2	2	6	5	5	3	5	3	3	5	5	2	4	3	5	2	6	5	4	5	5	3	2	5
Brent	1/20/76	Dena	Hep	1	WH	08/08/1997	7871	22.1	Yerkes	A	2	2	5	5	1	1	6	6	5	6	5	2	3	4	6	5	3	6	6	4	2	2	6	6	4	3	4	5	3	4	4	3	5	4	5	4	5	5	4	4	5	2	4	5
Jacqueline	10/16/76	Martha	Homer	0	WH	11/03/1997	7688	21.6	Yerkes	A	7	5	5	3	2	3	1	6	6	6	4	5	3	1	4	4	3	6	5	5	3	2	5	6	1	1	4	6	2	4	3	3	6	2	2	1	2	6	2	4	5	2	2	6
Mortimer	12/20/76	Mary	Homer	1	WH	07/07/1997	7504	21.1	Yerkes	A	2	1	6	6	1	2	6	6	6	6						4	1	7	7	4	1	2	7	7	4	2	2	7	5	6	4	4	6	4	2	4	2	6	2	4	5	1	4	6
Bertha	03/05/1977	Reba	Hep	0	WH	7/28/97	7450	20.9	Yerkes	A	2	4	5	5	4	4	6	5	4	4	4	3	4	3	5	4	4	5	5	5	3	3	5	5	4	5	5	5	4	4	6	4	5	5	4	4	4	5	4	4	4	3	4	5
Sabrina	10/16/78	Mary	Homer	0	SS	1/14/99	7395	20.8	Yerkes	A		4	4	4	3	3	5	3	3	5	3	3	3	2	5	5	3	5	5	4	3	3	5	5	4	4	4	5	4	4	5	4	5	5	3	4	2	5	3	3	2	4	3	5
Georgia	8/27/80	Borie	Jiggs	0	JM	8/16/00	7294	20.5	Yerkes	A	1	1	7	7	2	6	1	7	7	6	6	1	2	4	1	4	3	7	7	7	1	4	4	6	7	1	1	6	1	6	1	2	7	6	2	6	1	6	3	2	2	3	2	7
Lux	8/16/81	Marilyne	Walnut	1	AH	7/26/01	7284	20.5	Yerkes	A	11	2	6	5	3	4	3	2	2	3	3	3	3	3	5	3	4	4	5	4	4	3	5	4	4	1	1	2	3	3	5	3	5	4	4	4	5	4	4	6	5	4	3	5
Anja	01/09/1980	Tari	Jiggs	0	JM	01/11/1999	6942	19.5	Yerkes	A		2	6	6	2	3	1	7	4	5	3	2	3	1	5	1	2	7	5	6	3	2	2	3	3	2	3	4	6	7	2	2	5	5	2	4	2	4	3	5	2	5	2	5
Puddin	12/23/78	Mai	Hep	1	WH	08/05/1997	6800	19.1	Yerkes	A	2	2	5	5	1	3	6	5	4	6	2	2	2	3	6	4	4	6	7	5	3	2	6	5	3	1	2	5	4	4	4	3	6	4	5	5	3	2	2	4	4	5	4	4
Cynthia	06/07/1980	Beleka	Iyk	0	SS	1/13/99	6794	19.1	Yerkes	B		2	2	5	6	6	1	2	7	2	6	2	6	3	2	4	6	4	1	1	6	5	1	2	5	4	2	2	6	5	2	6	1	6	5	4	1	2	6	5	1	2	4	5
Brian	3/31/79	Lolita	Jiggs	1	WH 	10/31/97	6789	19.1	Yerkes	A	2	2	4	5	2	3	1	6	6	5	2	5	3	2	6	3	2	5	5	2	2	2	5	5	3	3	5	5	6	3	4	3	5	2	4	2	5	5	3	4	5	4	2	5
Gelb	4/18/83	Sheila	Walnut	1	MW	7/15/01	6663	18.7	Yerkes	A	2	1	6	6	2	2	3	6	6	5	5	2	1	2	4	2	5	5	6	4	2	3	7	7	3	2	1	6	5	5	2	6	3	4	4	2	2	4	4	2	5	5	4	5
Artifact	6/21/79	Cookie	Hoboh	1	WH	5/15/97	6538	18.4	Yerkes	B		6	2	5	6	4	1	3	4	3	2	6	4	2	5	2	3	3	3	2	4	3	4	3	2	4	4	4	5	3	4	2	2	2	3	3	5	5	3	5	5	4	2	4
Clint	06/06/1980	Cheri	Walnut	1	DL	10/04/1997	6329	17.8	Yerkes	A	3	1	4	6	5	3	1	6	5	2	5	2	2	7	3	6	4	6	5	5	3	3	6	2	7	2	2	5	5	6	1	6	7	7	2	7	2	2	5	1	3	1	4	6
Amos	11/19/81	Sonia	Phineas	1	JF	02/10/1999	6292	17.7	Yerkes	A		1	7	4	3	6	2	5	5	2	6	1	5	4	2	5	4	5	4	6	3	4	2	2	3	1	1	4	6	6	1	4	1	6	4	3	1	2	4	2	1	4	1	7
Mason	9/18/84	Gwennie	Walnut	1	AH	7/26/01	6155	17.3	Yerkes	A	2	1	5	2	2	3	2	2	2	3	5	1	3	4	3	4	3	3	3	4	3	4	4	3	4	4	3	4	4	4	2	4	3	5	3	2	3	3	4	4	3	3	2	6
Waga	3/19/82	Banana	Jorg	0	JM	01/11/1999	6142	17.3	Yerkes	B		2	2	2	5	3	1	3	2	2	3	5	3	3	3	3	3	3	2	2	3	3	3	2	4	5	3	1	5	3	5	4	2	3	2	3	4	3	3	5	4	5	2	4
Joseph	11/25/80	Jenda	Walnut	1	WH	8/15/97	6107	17.2	Yerkes	A	2	3	5	5	2	3	5	5	4	5	5	3	4	5	4	5	4	5	5	4	3	3	5	5	5	3	4	4	4	4	5	4	5	4	4	4	4	5	5	4	4	2	4	4
Mega	11/27/84	Cookie	Jimoh	0	DP	7/27/01	6086	17.1	Yerkes	A	2	1	6	3	5	6	1	6	6	7	6	2	3	3	2	4	3	4	2	4	3	3	6	2	1	3	2	4	7	7	2	5	6	6	4	2	2	2	5	2	1	1	6	6
Buffy	01/02/1984	Beleka	Juan	0	LP	06/11/2000	6005	16.9	Yerkes	B		5	1	1	6	2	6	2	2	1	2	6	3	2	7	1	5	1	2	2	5	2	6	2	1	7	2	2	2	4	6	6	2	5	1	1	1	2	2	5	1	5	2	2
Jesse	8/14/82	Jenda	Iyk	0	SS	1/19/99	6002	16.9	Yerkes	B		2	1	6	5	4	1	1	1	2	2	2	4	3	6	3	3	1	1	2	6	4	1	1	4	5	4	2	4	3	2	4	2	4	2	2	1	2	4	5	1	2	1	6
Panzee	12/31/85	Cookie	Jimoh	0	MB	06/05/2002	6000	16.9	Yerkes	A	4	1	1	5	5	6	1	6	2	4	7	1	6	5	2	2	6	4	7	6	7	6	4	2	7	2	4	4	7	7	1	7	5	7	6	7	1	1	6	3	1	1	6	7
Melissa	6/27/81	Tai	Harv	0	WH	7/23/97	5870	16.5	Yerkes	A	8	1	7	7	2	3	1	7	7	6	4	2	2	6	4	6	3	7	4	7	2	4	5	5	6	2	2	4	4	6	2	3	6	6	5						4	2	4	7
Conan	01/03/1986	Mai	Walnut	1	MW	7/15/01	5672	15.9	Yerkes	A	2	2	6	5	2	5	2	4	4	2	5	2	3	4	1	4	5	2	4	2	4	4	4	2	3	3	2	4	5	5	2	4	2	4	4	3	2	2	5	5	2	4	2	6
Sam	5/19/82	Tari	Homer	1	WH	09/12/1997	5595	15.7	Yerkes	A	12	2	5	5	6	5	1	2	6	3	5	5	5	4	2	5	4	5	5	6	4	4	3	2	1	3	5	3	5	3	2	4	3	2	5	2	4	5	5	2	3	5	2	2
Melinda	10/30/82	Lana	Juan	0	WH	1/15/98	5556	15.6	Yerkes	A	8	6	3	2	5	6	1	2	2	1	5	6	4	4	3	4	4	1	2	5	6	5	3	1	1	5	5	2	5	4	3	5	1	4	6	2	2	2	5	4	4	5	2	3
Justin	08/01/1986	Foxy	Duncan	1	AH	7/15/01	5462	15.3	Yerkes	A	2	4	3	5	3	6	2	3	2	4	6	1	3	3	3	4	4	2	1	4	5	6	5	2	6	4	2	1	6	4	2	4	2	4	4	5	1	1	6	5	2	2	3	5
Carmichael	3/21/83	Ericka	Rogger	1	WH	11/03/1997	5341	15	Yerkes	A	7	3	2	4	5	5	1	3	4	2	6	6	4	4	6	2	4	3	2	5	6	5	3	2	1	6	6	2	5	5	4	5	2	1	4	1	5	3	4	5	6	5	1	3
Lyons	08/03/1984	Lilone	Rogger	1	SS	1/14/99	5277	14.8	Yerkes	B		4	5	5	2	2	5	6	5	7	4	2	3	5	3	5	2	6	6	5	2	3	6	6	5	3	3	5	3	4	3	3	5	4	3	4	2	5	3	3	2	4	3	5
Sellers	12/18/83	Marilyne	Walnut	1	WH	11/14/97	5080	14.3	Yerkes	A	3	1	4	5	3	5	1	5	5	5	5	2	2	6	3	4	3	5	3	5	3	4	3	3	5	2	2	2	6	7	3	4	6	5	5	5	3	2	4	4	2	4	2	6
Donald	10/15/87	Reba	Jimoh	1	WH	7/15/01	5022	14.1	Yerkes	A	4	2	4	4	2	2	4	4	5	6	4	4	2	5	6	4	2	5	4	5	4	3	6	5	5	2	4	4	3	2	5	2	6	4	4	3	4	5	3	2	6	3	4	5
Lee	12/29/83	Halpha	Jiggs	0	WH	07/12/1997	4944	13.9	Yerkes	A	2	3	2	5	4	5	3	5	5	4	4	4	3	5	4	4	5	4	5	5	3	3	5	5	4	5	5	2	5	5	5	3	5	5	5	5	4	2	5	2	3	5	4	5
Kengee	06/01/1988	Martha	Chuck	0	AH	7/26/01	4803	13.5	Yerkes	A	11	2	7	7	2	6	2	7	6	5	4	1	1	5	3	3	3	6	5	5	3	3	4	4	3	2	1	3	5	6	2	3	4	5	2	3	5	2	3	6	2	3	3	6
Dara	6/16/88	Leslie	Homer	0	AH	7/26/01	4788	13.4	Yerkes	A	11	2	6	6	5	3	2	5	5	3	3	4	3	3	4	4	3	5	5	4	3	3	3	3	3	3	4	5	4	5	3	5	5	4	4	4	3	3	3	2	5	3	4	5
Rowena	8/13/88	Ericka	Dobbs	0	AH	7/26/01	4730	13.3	Yerkes	A	11	3	2	6	4	5	2	4	3	6	3	3	2	4	4	4	3	2	2	3	3	2	3	5	4	2	3	5	3	5	4	4	4	4	2	3	4	5	3	5	4	3	4	5
Hunter	08/03/1984	Lilone	Rogger	1	WH	07/10/1997	4724	13.3	Yerkes	A	2	5	5	5	2	2	1	3	5	6	5	2	2	1	6	4	2	6	6	6	2	2	6	3	3	2	4	5	4	6	3	2	6	4	2	4	4	6	4	2	3	2	4	6
Suwanee	2/17/85	Peony	Walnut	0	WH	11/15/97	4654	13.1	Yerkes	A	7	4	2	4	5	5	1	5	5	2	6	5	5	6	2	6	4	3	2	5	5	5	3	3	5	6	5	2	4	4	2	5	3	5	3	3	3	2	5	2	3	4	4	3
Brandy	4/26/85	Lolita	Walnut	0	WH	11/11/1997	4582	12.9	Yerkes	A	2	4	5	4	5	4	4	5	5	3	5	6	3	4	3	4	3	5	5	5	3	3	5	5	3	3	4	5	2	3	4	5	3	2	5	5	5	5	3	3	6	4	3	4
Shirley	01/11/1985	Tai	Rogger	0	WH	07/10/1997	4563	12.8	Yerkes	A	2	4	5	6	5	4	7	6	2	2	4	4	4	5	3	4	4	5	5	5	4	4	6	2	4	4	5	5	6	6	5	4	5	5	5	4	2	4	4	3	4	2	4	5
Sheena	1/20/89	Sabrina	Puddin	0	WH	7/15/01	4559	12.8	Yerkes	A	5	2	6	5	1	4	2	6	6	6	5	3	4	5	2	5	3	6	5	5	3	4	5	5	6	2	2	3	5	5	2	4	5	5	5	5	4	4	3	3	3	3	4	5
Barney	05/06/1989	Melissa	Joseph	1	MW	7/15/01	4453	12.5	Yerkes	A	2	1	7	7	2	2	5	7	6	7	1	2	1	2	2	7	3	7	7	6	1	1	6	6	5	1	1	7	6	5	2	5	2	5	2	2	2	3	3	2	5	2	2	7
Socrates	1/23/87	Gwennie	Walnut	1	SS	01/10/1999	4370	12.3	Yerkes	B		1	7	7	1	5	1	3	1	6	6	1	5	5	2	5	4	6	6	7	6	6	4	6	6	1	1	3	5	7	2	6	7	7	4	7	1	2	4	1	1	1	1	7
Carl	5/21/86	Reba	Phillip	1	LF	12/08/1997	4219	11.9	Yerkes	A	3	4	4	5	4	4	5	3	3	3	5	3	6	4	4	3	5	3	3	3	5	5	4	3	5	4	3	2	4	4	3	6	3	4	4	5	4	3	5	4	5	4	4	4
Luther	1/14/90	Pamela	Rogger	1	AH	7/15/01	4200	11.8	Yerkes	A	2	2	2	5	4	7	2	2	2	2	4	3	3	1	5	1	5	4	3	2	6	4	2	1	5	3	4	2	7	6	4	4	3	2	4	2	4	1	4	5	3	5	3	4
Tank	2/18/86	Leslie	Ossabaw	1	WH	8/15/97	4196	11.8	Yerkes	A	3	2	5	6	2	2	4	3	5	6	4	2	2	5	4	5	4	6	6	6	2	3	5	5	4	3	4	5	5	5	4	3	6	5	4	4	5	5	3	2	4	3	4	5
Elwood	2/19/90	Jaq	Harv	1	AH	7/26/01	4175	11.7	Yerkes	A	9	1	6	2	2	5	1	3	2	2	2	2	2	2	5	3	3	5	4	4	4	3	2	3	2	4	2	2	4	4	5	3	5	3	3	3	3	3	3	6	3	6	3	6
Duff	02/08/1990	Lena	Clint	1	MW	7/15/01	4175	11.7	Yerkes	A	2	2	5	5	3	2	7	5	6	5	3	3	2	2	3	6	4	4	6	5	3	2	6	6	4	3	3	6	2	3	3	3	5	3	5	2	3	6	3	2	6	3	2	2
Kasey	5/13/86	Jenda	Iyk	0	WH	9/30/97	4158	11.7	Yerkes	B		6	2	4	6	3	5	5	4	2	3	6	3	3	4	3	3	5	4	4	4	2	5	3	2	6	6	5	5	3	4	3	3	3	2	4	5	5	2	5	5	2	5	2
Natasha	12/19/87	Mai	Walnut	0	SS	1/16/99	4046	11.4	Yerkes	B		5	3	2	3	4	1	4	6	3	4	2	2	3	2	2	5	6	2	4	6	4	3	1	3	5	4	2	7	2	1	5	1	5	2	1	2	1	6	7	1	2	3	5
Ranette	12/17/87	Marilyne	Walnut	0	SS	1/13/99	4045	11.4	Yerkes	A		2	5	4	4	5	1	4	5	4	5	2	4	4	2	4	4	5	5	4	4	3	3	2	2	3	3	5	6	5	2	4	4	5	3	3	1	2	3	5	3	3	4	3
Winston	01/12/1987	Barbara	Ossabaw	1	LF	12/08/1997	3983	11.2	Yerkes	A	3	2	5	5	3	4	2	3	3	3	4	2	3	4	4	4	4	4	5	4	3	3	5	5	4	2	2	4	3	4	3	4	4	5	4	4	3	5	4	3	3	3	3	4
Artemus	12/18/90	Jenda	Iyk	1	AH	7/15/01	3862	10.8	Yerkes	A	5	1	7	6	2	3	3	7	5	5	5	2	2	4	4	6	3	5	5	5	3	5	6	5	5	1	2	4	3	5	1	4	4	5	3	6	2	5	4	1	5	2	4	7
Bjorn	7/16/88	Anja	Walnut	1	SS	1/19/99	3839	10.8	Yerkes	A		3	2	2	4	3	1	2	2	2	4	3	4	4	4	3	3	2	3	2	4	4	3	2	4	4	4	2	4	4	2	4	2	4	4	4	1	1	4	2	1	2	4	4
Callie	2/18/91	Waga	Rogger	0	MW	7/15/01	3800	10.7	Yerkes	A	5	5	3	5	5	4	1	2	2	2	4	5	3	3	5	4	4	3	5	5	3	2	4	2	3	6	5	4	5	4	2	5	2	4	6	2	1	2	2	2	2	4	5	2
Dona	04/03/1990	Peony	Walnut	0	LP	06/11/2000	3722	10.5	Yerkes	B		4	2	2	5	4	2	4	3	2	6	5	5	3	5	3	5	3	3	4	6	6	4	2	3	6	6	2	2	6	2	6	3	6	5	2	1	2	6	4	1	5	4	3
Arthur	5/21/91	Jaq	Rogger	1	MW	7/26/01	3719	10.4	Yerkes	A	6	2	5	6	2	1	3	6	7	7	4	1	2	2	3	7	4	6	6	5	2	3	7	6	4	1	2	6	5	4	4	2	3	2	3	2	4	7	3	2	5	3	2	5
Rebecca	5/20/91	Mickie	Frans	0	AH	7/15/01	3709	10.4	Yerkes	A	5	4	1	5	6	4	1	2	3	1	6	5	5	4	3	5	5	1	1	5	4	5	4	3	4	6	6	2	4	3	2	5	3	4	5	4	4	3	5	2	3	3	5	3
Amanda	6/15/91	Sheila	Jimoh	0	MW	7/26/01	3694	10.4	Yerkes	A	6	7	1	2	6	2	4	3	5	2	5	1	3	2	5	4	4	1	2	6	3	2	5	6	3	7	7	5	5	2	4	4	3	4	2	1	5	5	3	3	5	3	7	2
Scott	6/23/87	Jencie	Jimoh	1	LF	7/18/97	3678	10.3	Yerkes	A	2	2	5	5	2	4	1	1	5	2	4	1	5	5	1	4	5	4	4	4	3	4	3	5	5	1	2	4	3	4	1	4	4	5	4	6	1	4	4	2	1	3	2	5
Katrina	7/26/87	Sheila	Walnut	0	LF	7/18/97	3645	10.2	Yerkes	A	2	5	1	4	5	4	6	1	1	1	4	4	4	3	2	4	5	1	1	1	5	6	4	2	4	5	5	2	4	4	2	6	2	6	5	4	3	1	6	1	1	1	7	4
Evelyne	09/04/1991	Sabrina	Puddin	0	MW	7/15/01	3602	10.1	Yerkes	A	5	6	2	3	6	4	1	1	2	2	2	6	2	2	5	3	2	1	1	1	4	2	5	2	2	7	6	2	6	2	5	6	1	4	2	2	2	1	4	2	2	5	2	1
Jarred	9/21/87	Gay	Ossabaw	1	LF	7/24/97	3594	10.1	Yerkes	A	3	1	7	7	1	3	1	5	5	5	4	1	1	6	1	6	3	6	6	4	2	4	3	5	5	1	1	5	2	6	2	2	4	6	2	5	2	6	3	1	1	1	1	7
Rhett	4/20/89	Atlanta	Walnut	1	JM	01/11/1999	3553	10	Yerkes	B		1	4	5	2	3	1	2	4	5	5	1	3	4	1	4	3	5	5	2	3	5	3	1	5	2	2	1	4	5	1	3	5	5	2	3	1	1	3	1	1	2	2	5
Storer	11/19/91	Mai	Walnut	1	WH	7/15/01	3526	9.9	Yerkes	A	5	1	4	6	5	6	2	2	1	2	5	4	5	6	2	2	4	2	1	5	6	6	3	2	5	3	4	2	6	4	2	5	2	4	5	4	1	1	6	4	2	2	5	6
Magnum	07/08/1989	Gay	Rogger	1	SS	01/10/1999	3473	9.8	Yerkes	A		5	3	4	5	3	2	2	2	1	5	4	4	6	2	6	4	3	2	2	5	4	4	4	6	6	6	1	3	4	2	6	3	5	3	5	1	2	5	1	3	1	4	4
Travis	08/02/1989	Cissie	Kipper	1	SS	1/13/99	3451	9.7	Yerkes	B		4	5	5	2	2	1	5	5	6	4	1	1	4	1	5	2	6	4	5	1	3	2	2	4	2	2	3	5	6	1	3	1	3	2	3	1	2	3	4	2	2	4	5
Jewelle	03/09/1992	Jaq	Rogger	0	AH	7/26/01	3426	9.6	Yerkes	A	9	3	6	7	5	3	1	7	6	5	4	3	3	3	5	4	3	6	5	4	3	3	4	6	4	2	2	5	4	5	3	3	5	5	3	3	3	4	3	2	3	4	4	6
Fritz	7/14/88	Bo	Ossabaw	1	WH	11/21/97	3417	9.6	Yerkes	A	8	3	5	5	2	2	5	4	5	6	3	4	2	4	4	4	3	5	6	3	2	2	5	5	4	2	2	6	2	3	4	2	5	3	6	3	5	6	2	4	5	3	2	6
Daisey	10/01/1989	Tai	Phinneas	0	SS	1/16/99	3394	9.5	Yerkes	B		5	5	4	2	3	2	7	5	5	3	5	1	3	3	4	2	6	5	5	3	3	5	5	2	2	4	6	4	5	4	2	5	3	2	2	4	5	3	5	5	5	5	2
Cathy	10/05/1989	Georgia	Walnut	0	SS	1/13/99	3387	9.5	Yerkes	A		5	2	5	3	6	1	1	1	2	4	1	3	5	1	6	5	1	1	4	6	4	1	1	5	5	5	1	6	6	1	5	4	5	2	3	1	1	7	1	2	5	5	5
Lamar	4/27/88	Lolita	Walnut	1	LF	7/24/97	3375	9.5	Yerkes	A	2	4	3	3	5	4	1	1	4	1	4	2	4	5	3	5	4	4	3	2	4	5	4	2	5	5	4	2	4	4	2	5	3	4	4	6	2	4	4	2	2	2	2	4
Ronald	05/04/1988	Banana	Geoff	1	LF	7/24/97	3368	9.5	Yerkes	A	3	4	1	1	5	4	1	1	1	1	4	4	4	4	4	3	3	1	1	1	4	4	3	4	3	7	6	2	4	3	4	4	2	3	2	3	5	3	4	4	4	4	3	3
Faye	6/22/92	Sheila		0	AH	7/15/01	3310	9.3	Yerkes	A	2	2	4	4	3	5	2	4	2	2	3	3	3	4	4	4	4	2	2	3	5	3	2	2	5	5	3	4	5	5	2	4	3	4	2	4	3	2	3	4	2	5	5	4
Elvira	10/31/88	Barbi	Jimoh	0	WH	11/05/1997	3292	9.2	Yerkes	A	7	2	5	6	4	6	1	5	6	3	6	2	5	6	1	6	5	5	3	7	4	5	3	3	6	3	3	2	6	6	1	5	5	7	5	5	2	2	5	1	1	4	4	6
Wilma	10/27/88	Vivienne	Duncan	0	WH	7/23/97	3191	9	Yerkes	A	9	2	5	5	5	6	1	3	5	2	6	2	3	5	2	5	4	5	2	5	5	5	3	2	4	4	3	1	7	5	1	5	3	5	5						5	5	4	6
Kevin	07/08/1990	Barbara	Jimoh	1	JF	01/12/1999	3110	8.7	Yerkes	B		6	2	2	2	2	1	5	4	7	4	2	2	6	4	6	2	7	5	2	1	3	5	6	6	5	4	3	3	6	1	4	5	6	1	4	2	3	3	1	4	2	1	4
Agatha	1/21/93	Melinda	Walnut	0	AH	7/26/01	3108	8.7	Yerkes	A	11	5	3	4	5	5	2	5	5	3	5	5	5	3	3	4	5	3	3	5	5	4	5	3	4	5	5	2	5	5	2	5	5	4	4	4	4	3	4	3	5	4	4	5
Polyanna	2/17/89	Lilone	Jimoh	0	WH	7/30/97	3085	8.7	Yerkes	A	12	5	4	4	5	4	1	4	3	2	5	5	4	4	4	4	4	4	3	5	4	4	4	2	3	5	4	4	5	4	3	4	4	5	4	4	4	2	2	4	4	5	4	4
Lizzie	08/06/1990	Foxy	Edward	0	SS	1/14/99	3083	8.7	Yerkes	A		3	3	5	4	4	3	3	3	3	6	3	4	7	1	6	6	4	3	3	4	5	3	3	6	3	4	3	5	4	2	4	2	5	4	4	1	1	6	1	2	1	2	4
Alicia	6/26/89	Cynthia	Phineas	0	WH	11/11/1997	3060	8.6	Yerkes	B		1	5	3	6	4	1	5	4	2	5	6	4	3	4	5	3	5	5	6	4	2	5	2	4	3	5	5	5	4	2	4	2	3	4	3	2	3	3	5	3	4	4	3
Sylvia	7/19/93	Melissa	Carmichael	0	MW	7/24/01	2927	8.2	Yerkes	A	6	5	3	4	5	4	1	3	2	1	5	3	4	5	2	5	4	2	1	4	4	5	5	5	5	2	4	1	4	4	1	6	6	4	2	5	3	2	6	2	3	3	5	3
Missy	07/08/1993	Mai	Jimoh	0	TH	8/16/00	2596	7.3	Yerkes	B		6	1	4	7	2	2	1	1	1	6	7	6	7	1	7	3	1	1	1	7	6	4	5	6	7	7	1	7	2	1	7	1	6	4	5	2	1	7	1	5	3	6	1
Julie	8/29/94	Ellie	Conan	0	AH	7/15/01	2512	7.1	Yerkes	A	4	4	4	6	3	3	2	4	4	4	4	3	2	5	2	5	3	3	3	4	4	3	4	5	4	4	4	5	4	5	2	5	4	4	2	3	2	2	4	2	2	3	4	3
Sean	3/16/92	Barbi	Rogger	1	JM	01/11/1999	2492	7	Yerkes	A		5	3	4	4	3	1	5	5	3	5	2	2	6	2	5	3	5	5	4	3	4	2	2	5	3	4	2	3	4	1	4	4	3	3	3	3	3	4	1	3	2	4	3
Fiona	12/05/1994	Leslie	Lux	0	AH	7/26/01	2425	6.8	Yerkes	A	11	6	2	5	6	3	1	6	6	3	6	5	5	5	2	4	5	2	1	5	4	5	4	3	6	6	5	2	4	3	2	5	5	5	4	5	5	3	5	3	2	3	4	3
Edwina	5/28/91	Lolita	Edward	0	WH	11/02/1997	2350	6.6	Yerkes	A	6	4	5	6	5	3	1	6	6	5	3	3	2	1	5	4	3	6	5	5	2	2	5	6	5	2	4	6	4	4	5	2	6	5	3	3	4	4	2	4	4	2	2	6
Rosemary	02/11/1994	Foxy	Carmichael	0	LP	06/11/2000	2312	6.5	Yerkes	B		5	2	2	5	4	6	3	2	2	7	3	6	4	3	3	5	2	2	4	6	7	4	2	5	4	6	2	5	5	4	6	3	5	6	5	1	2	6	3	1	3	4	4
Frannie	10/26/92	Borie	Jimoh	0	SS	01/03/1999	2260	6.3	Yerkes	B	2	5	1	5	6	3	5	2	2	4	4	5	4	4	4	5	4	4	1	4	5	4	6	5	6	5	5	3	5	4	2	4	2	4	4	5	1	5	6	1	2	3	4	3
Christa	06/01/1995	Lilone	Rogger	0	AH	7/26/01	2247	6.3	Yerkes	A	9	6	1	5	6	3	1	4	5	3	3	5	3	4	4	4	4	2	2	5	5	5	3	2	6	6	6	2	4	4	2	6	4	4	3	4	5	3	5	2	3	4	5	3
Brooks	11/10/1992	Lena	Sellers	1	SS	01/03/1999	2245	6.3	Yerkes	B	2	4	5	5	3	4	6	4	5	4	4	2	4	7	1	7	5	4	3	4	6	6	5	5	6	1	1	1	7	4	1	4	4	4	5	6	1	5	6	1	1	1	4	4
Claus	12/25/92	Gwennie	Jimoh	1	SS	01/10/1999	2207	6.2	Yerkes	A		3	2	4	4	4	1	3	4	5	5	2	5	7	2	7	4	4	3	5	5	6	3	3	6	4	5	1	3	4	1	5	3	5	4	5	2	1	5	1	3	1	4	5
Dover	2/25/94	Cissie	Homer	1	JF	02/10/1999	1811	5.1	Yerkes	B		4	1	2	2	4	1	2	5	5	6	2	3	7	1	7	2	1	1	2	4	5	5	5	6	6	6	1	5	4	1	5	1	4	2	4	2	3	6	1	5	3	4	3
Jolson	01/10/1993	Suwanee	Carmichael	1	WH	11/30/97	1785	5	Yerkes	A	8	2	5	5	4	4	1	5	3	3	6	2	4	6	1	5	4	2	1	6	4	5	3	2	6	3	3	2	4	5	1	4	3	5	5	5	2	1	5	1	1	2	4	6
Liza	3/19/94	Georgia	Jimoh	0	SS	1/19/99	1767	5	Yerkes	B		2	2	6	2	4	1	3	4	5	5	2	4	5	1	4	4	2	2	2	4	6	5	4	6	3	4	2	3	4	2	4	4	5	3	4	2	1	5	1	1	1	5	5
Patrick	7/14/93	Teppi	Zeb	1	KG	2/18/98	1680	4.7	Yerkes	A	4	6	1	2	5	2	7	6	6	4	3	7	4	5	4	4	4	2	4	3	6	6	6	6	4	6	5	6	3	4	5	5	5	3	3	3	5	5	4	5	4	2	4	3
Lucas	3/22/93	Bo	Rogger	1	WH	09/12/1997	1635	4.6	Yerkes	A	2	1	6	7	2	2	6	4	6	7	6	1	2	4	3	5	2	4	6	3	4	5	7	4	3	3	2	3	5	5	2	3	6	2	4	2	3	4	5	2	2	1	1	5
Morgan	04/11/1996	Kasey		1	LP	06/03/2000	1514	4.3	Yerkes	B		4	4	4	4	3	1	5	6	4	6	2	2	7	1	7	2	2	6	2	3	7	5	5	6	4	6	2	4	3	1	4	5	3	2	4	2	1	3	1	1	2	4	4
Lindsey	02/10/1994	Leslie	Lux	0	KG	02/01/1998	1452	4.1	Yerkes	A		4	5	6	5	3	5	4	6	3	5	5	5	4	3	4	5	4	3	7	4	5	5	3	5	5	6	4	4	6	4	5	2	6	4	5	4	4	4	3	2	4	5	3
Wilson	03/09/1994	Gay	Rogger	1	KG	2/18/98	1442	4.1	Yerkes	A		5	5	5	5	3	2	5	5	6	6	4	4	6	3	6	5	4	3	3	5	6	4	4	3	4	5	4	5	3	2	6	4	2	6	5	6	4	6	4	5	3	5	3
Samantha	8/28/97	Melinda	Lux	0	AH	7/26/01	1428	4	Yerkes	A	11	5	1	6	5	5	1	2	4	3	4	3	4	5	2	6	4	1	1	5	4	5	2	2	5	6	6	2	3	1	2	4	5	4	4	4	3	2	5	1	5	5	5	3
Abby	05/11/1995	Barbara	Sam	0	SS	1/19/99	1349	3.8	Yerkes	A		4	2	5	5	4	1	1	1	1	5	5	3	7	1	6	1	1	1	1	4	6	1	1	5	4	4	1	4	4	1	4	1	3	1	4	1	1	6	1	1	2	2	2
Jaimie	5/17/95	Ericka		0	SS	1/14/99	1338	3.8	Yerkes	B		2	1	4	4	3	1	2	4	4	7	4	4	7	1	7	4	2	1	4	7	6	2	1	7	5	5	1	4	2	1	4	1	3	4	4	5	1	6	1	5	5	7	4
Tara	09/05/1995	Rita	Jimoh	0	JF	01/12/1999	1225	3.4	Yerkes	B		3	2	4	4	6	1	4	2	1	6	1	5	6	1	6	4	1	2	2	6	7	2	2	7	5	3	1		6	1	4	1	4		4	2	1	6	1	1			5
Grayson	5/22/97	Alicia	Elwood	1	LP	06/03/2000	1108	3.1	Yerkes	A		3	2	3	5	3	5	3	4	4	6	5	5	5	3	5	4	2	2	4	5	6	4	3	4	5	6	2	5	4	2	4	2	4	2	2	5	3	6	1	1	4	4	3
Julianne	5/15/98	Tai		0	TH	8/16/00	824	2.3	Yerkes	A		5	1	5	7	4	1	1	4	4	6	2	4	7	1	7	4	2	1	4	7	7	5	5	7	4	7	1	7	5	1	5	1	6	4	4	5	2	6	1	2	2	6	3
Azalea	03/07/1997	Peony	Rhett	0	SS	1/19/99	683	1.9	Yerkes	A		1	1	2	3	4	1	1	1	1	5	2	4	5	1	4	1	1	1	1	4	4	2	2	4	2	4	1	3	2	1	3	1	2	2	3	2	1	4	2	2	2	3	4
